{
    "animation": [
        {
            "name": "Root",
            "time": [0.0, 0.2333, 0.4, 0.7833, 1.05, 1.5167],
            "transform": [
                [0.999086, 0.031643, -0.028749, 1.8e-05, 0.031752, -0.99949, 0.003324, 0.013358, -0.028629, -0.004234, -0.999581, 0.125654, 0.0, 0.0, 0.0, 1.0],
                [0.995327, 0.002442, -0.096526, -0.000905, -0.008255, -0.993868, -0.110262, -0.005831, -0.096203, 0.110543, -0.989204, 0.123972, 0.0, 0.0, 0.0, 1.0],
                [0.987853, -0.015605, -0.154604, -0.001726, -0.047082, -0.978234, -0.202092, -0.02202, -0.148085, 0.206916, -0.967087, 0.122616, 0.0, 0.0, 0.0, 1.0],
                [0.851005, 0.025336, -0.524545, -0.086954, -0.504434, -0.23838, -0.829892, -0.478236, -0.146068, 0.970841, -0.190083, 0.278058, 0.0, 0.0, 0.0, 1.0],
                [0.863282, -0.092849, -0.496108, -0.01679, -0.471102, 0.204507, -0.858044, -0.427745, 0.181126, 0.974452, 0.132807, 0.520011, 0.0, 0.0, 0.0, 1.0],
                [0.854339, 0.028643, -0.518927, -5e-06, -0.51914, 0.0, -0.854689, 0.000946, -0.024481, 0.99959, 0.01487, 0.753683, 0.0, 0.0, 0.0, 1.0]
            ]
        },
        {
            "name": "Thigh_R",
            "time": [0.0, 0.2333, 0.4, 0.7833, 1.05, 1.5167],
            "transform": [
                [0.99532, -0.094349, -0.020883, 0.124994, -0.093575, -0.994984, 0.035348, -0.002831, -0.024114, -0.033228, -0.999157, -1.2e-05, 0.0, 0.0, 0.0, 1.0],
                [0.996282, -0.082868, -0.023572, 0.125041, -0.076076, -0.974577, 0.21074, 0.000522, -0.040436, -0.208163, -0.977259, -0.010736, 0.0, 0.0, 0.0, 1.0],
                [0.996891, -0.073773, -0.027673, 0.12508, -0.059215, -0.933163, 0.354543, 0.003226, -0.051979, -0.351802, -0.934631, -0.019384, 0.0, 0.0, 0.0, 1.0],
                [0.911998, -0.403841, -0.07192, 0.124994, 0.179623, 0.235547, 0.95512, -0.002831, -0.368776, -0.883985, 0.287357, -1.2e-05, 0.0, 0.0, 0.0, 1.0],
                [0.952066, -0.185766, -0.243024, 0.124994, 0.170943, -0.335735, 0.926316, -0.002831, -0.25367, -0.923457, -0.287887, -1.2e-05, 0.0, 0.0, 0.0, 1.0],
                [0.992811, 0.117851, -0.020883, 0.124994, 0.118536, -0.99232, 0.035348, -0.002831, -0.016557, -0.037569, -0.999157, -1.2e-05, 0.0, 0.0, 0.0, 1.0]
            ]
        },
        {
            "name": "Leg_R",
            "time": [0.0, 0.2333, 0.4, 0.7833, 1.05, 1.5167],
            "transform": [
                [1.0, -0.0, 1e-06, -0.0, 0.0, 0.997612, 0.069073, 0.37472, -1e-06, -0.069073, 0.997611, -0.0, 0.0, 0.0, 0.0, 1.0],
                [1.0, -0.0, 1e-06, -0.0, 0.0, 0.98148, 0.191569, 0.37472, -1e-06, -0.191569, 0.981478, -0.0, 0.0, 0.0, 0.0, 1.0],
                [1.0, -0.0, 1e-06, 0.0, 0.0, 0.956075, 0.293125, 0.37472, -1e-06, -0.293125, 0.956073, 0.0, 0.0, 0.0, 0.0, 1.0],
                [1.0, -1e-06, 0.0, -0.0, -0.0, -0.414564, 0.91002, 0.37472, -1e-06, -0.910021, -0.414563, 0.0, 0.0, 0.0, 0.0, 1.0],
                [1.0, -0.0, 1e-06, 0.0, -0.0, 0.77303, 0.63437, 0.37472, -1e-06, -0.634371, 0.773028, 0.0, 0.0, 0.0, 0.0, 1.0],
                [1.0, -0.0, 1e-06, 0.0, 0.0, 0.997612, 0.069073, 0.37472, -1e-06, -0.069073, 0.997611, -0.0, 0.0, 0.0, 0.0, 1.0]
            ]
        },
        {
            "name": "Knee_R",
            "time": [0.0, 0.2333, 0.4, 0.7833, 1.05, 1.5167],
            "transform": [
                [1.0, 0.0, -0.0, -0.0, -0.0, 1e-06, -1.0, 0.37472, -0.0, 1.0, 1e-06, -0.0, 0.0, 0.0, 0.0, 1.0],
                [1.0, 0.0, -0.0, -0.0, -0.0, 1e-06, -1.0, 0.37472, -0.0, 1.0, 1e-06, -0.0, 0.0, 0.0, 0.0, 1.0],
                [1.0, 0.0, -0.0, 0.0, -0.0, 1e-06, -1.0, 0.37472, -0.0, 1.0, 1e-06, 0.0, 0.0, 0.0, 0.0, 1.0],
                [1.0, 0.0, -0.0, -0.0, -0.0, 1e-06, -1.0, 0.37472, -0.0, 1.0, 1e-06, 0.0, 0.0, 0.0, 0.0, 1.0],
                [1.0, 0.0, -0.0, 0.0, -0.0, 1e-06, -1.0, 0.37472, -0.0, 1.0, 1e-06, 0.0, 0.0, 0.0, 0.0, 1.0],
                [1.0, 0.0, -0.0, 0.0, -0.0, 1e-06, -1.0, 0.37472, -0.0, 1.0, 1e-06, -0.0, 0.0, 0.0, 0.0, 1.0]
            ]
        },
        {
            "name": "Thigh_L",
            "time": [0.0, 0.2333, 0.4, 0.7833, 1.05, 1.5167],
            "transform": [
                [0.813687, 0.236661, -0.530947, -0.148487, 0.468892, -0.807075, 0.358844, 0.014878, -0.343589, -0.540944, -0.767675, -0.042936, 0.0, 0.0, 0.0, 1.0],
                [0.831908, 0.12938, -0.539619, -0.146186, 0.421489, -0.779838, 0.462816, 0.013352, -0.360936, -0.612464, -0.703287, -0.038149, 0.0, 0.0, 0.0, 1.0],
                [0.843231, 0.037842, -0.536216, -0.144301, 0.380688, -0.746307, 0.545986, 0.012082, -0.379521, -0.664524, -0.643716, -0.034226, 0.0, 0.0, 0.0, 1.0],
                [0.512364, -0.799726, 0.312922, -0.110635, -0.487382, 0.029221, 0.872699, -0.032333, -0.707064, -0.599653, -0.374801, 0.012005, 0.0, 0.0, 0.0, 1.0],
                [0.585089, -0.802378, 0.117732, -0.112623, -0.513692, -0.254351, 0.819405, -0.028254, -0.627527, -0.539903, -0.560994, 0.010343, 0.0, 0.0, 0.0, 1.0],
                [0.869242, -0.120567, -0.479458, -0.125006, -0.021407, -0.978077, 0.207141, -0.002831, -0.493921, -0.169792, -0.852767, -1.2e-05, 0.0, 0.0, 0.0, 1.0]
            ]
        },
        {
            "name": "Leg_L",
            "time": [0.0, 0.2333, 0.4, 0.7833, 1.05, 1.5167],
            "transform": [
                [0.998576, 0.049464, 0.01997, 0.0, -0.051599, 0.800761, 0.596757, 0.37472, 0.013527, -0.596937, 0.802174, 0.0, 0.0, 0.0, 0.0, 1.0],
                [0.998576, 0.048042, 0.023183, -0.0, -0.051599, 0.759728, 0.64819, 0.37472, 0.013527, -0.648463, 0.761126, 0.0, 0.0, 0.0, 0.0, 1.0],
                [0.998576, 0.046709, 0.025764, -0.0, -0.051599, 0.723324, 0.688578, 0.37472, 0.013527, -0.688927, 0.724705, -0.0, 0.0, 0.0, 0.0, 1.0],
                [0.998576, -0.003585, 0.053223, -0.0, -0.0516, -0.317925, 0.946711, 0.37472, 0.013527, -0.948109, -0.317658, 0.0, 0.0, 0.0, 0.0, 1.0],
                [0.998576, 0.007977, 0.052744, 0.0, -0.0516, -0.106282, 0.992997, 0.37472, 0.013527, -0.994304, -0.105719, 0.0, 0.0, 0.0, 0.0, 1.0],
                [0.998576, 0.053235, -0.003397, 0.0, -0.051599, 0.980122, 0.191569, 0.37472, 0.013527, -0.191121, 0.981474, 0.0, 0.0, 0.0, 0.0, 1.0]
            ]
        },
        {
            "name": "Knee_L",
            "time": [0.0, 0.2333, 0.4, 0.7833, 1.05, 1.5167],
            "transform": [
                [1.0, 0.0, -0.0, 0.0, -0.0, 1e-06, -1.0, 0.37472, -0.0, 1.0, 1e-06, 0.0, 0.0, 0.0, 0.0, 1.0],
                [1.0, 0.0, -0.0, -0.0, -0.0, 0.106625, -0.994299, 0.37472, -0.0, 0.994299, 0.106625, 0.0, 0.0, 0.0, 0.0, 1.0],
                [1.0, 0.0, -0.0, -0.0, -0.0, 0.193151, -0.981169, 0.37472, -0.0, 0.981169, 0.193151, -0.0, 0.0, 0.0, 0.0, 1.0],
                [1.0, 0.0, -0.0, -0.0, -0.0, 0.754008, -0.656866, 0.37472, -0.0, 0.656866, 0.754007, 0.0, 0.0, 0.0, 0.0, 1.0],
                [1.0, 0.0, -0.0, 0.0, -1e-06, 0.673013, -0.739631, 0.37472, 0.0, 0.739631, 0.673013, 0.0, 0.0, 0.0, 0.0, 1.0],
                [1.0, 0.0, -0.0, 0.0, -0.0, 1e-06, -1.0, 0.37472, -0.0, 1.0, 1e-06, 0.0, 0.0, 0.0, 0.0, 1.0]
            ]
        },
        {
            "name": "Torso",
            "time": [0.0, 0.2333, 0.4, 0.7833, 1.05, 1.5167],
            "transform": [
                [0.999042, -0.042919, -0.008521, 0.0, 0.04367, 0.990263, 0.132181, 0.05, 0.002765, -0.132426, 0.991189, -0.0, 0.0, 0.0, 0.0, 1.0],
                [0.996512, -0.077865, 0.030007, -0.0, 0.065706, 0.953836, 0.293052, 0.05, -0.05144, -0.290058, 0.955626, -0.0, 0.0, 0.0, 0.0, 1.0],
                [0.992188, -0.107713, 0.062941, 0.0, 0.079695, 0.935403, 0.344487, 0.05, -0.095981, -0.336779, 0.936679, -0.0, 0.0, 0.0, 0.0, 1.0],
                [0.91061, 0.127579, 0.393083, -0.0, -0.247508, 0.930065, 0.271511, 0.05, -0.330953, -0.344532, 0.878503, -0.0, 0.0, 0.0, 0.0, 1.0],
                [0.943026, 0.103082, 0.316348, -0.0, -0.199715, 0.935831, 0.290404, 0.05, -0.266113, -0.337038, 0.9031, 0.0, 0.0, 0.0, 0.0, 1.0],
                [0.999042, -0.043673, -0.002705, 0.0, 0.04367, 0.999045, -0.001423, 0.05, 0.002765, 0.001304, 0.999995, -0.0, 0.0, 0.0, 0.0, 1.0]
            ]
        },
        {
            "name": "Chest",
            "time": [0.0, 0.2333, 0.4, 0.7833, 1.05, 1.2333, 1.5167],
            "transform": [
                [0.999771, -0.021316, -0.002029, -0.0, 0.021411, 0.994316, 0.104295, 0.3, -0.000206, -0.104315, 0.994545, -0.0, 0.0, 0.0, 0.0, 1.0],
                [0.999852, -0.016087, -0.006134, 0.0, 0.017193, 0.951463, 0.307281, 0.3, 0.000893, -0.307341, 0.951599, 0.0, 0.0, 0.0, 0.0, 1.0],
                [0.999902, -0.012437, -0.006426, -0.0, 0.013808, 0.951806, 0.306391, 0.3, 0.002306, -0.306449, 0.951884, -0.0, 0.0, 0.0, 0.0, 1.0],
                [0.999941, -0.008003, -0.007352, -0.0, 0.009915, 0.948803, 0.315711, 0.3, 0.004449, -0.315765, 0.948827, 0.0, 0.0, 0.0, 0.0, 1.0],
                [0.999928, -0.009671, -0.007122, 0.0, 0.011439, 0.947535, 0.319447, 0.3, 0.003659, -0.319505, 0.947578, -0.0, 0.0, 0.0, 0.0, 1.0],
                [0.999875, -0.014628, -0.005959, 0.0, 0.015713, 0.959588, 0.280972, 0.3, 0.001608, -0.28103, 0.959698, 0.0, 0.0, 0.0, 0.0, 1.0],
                [0.999771, -0.021316, -0.002029, 0.0, 0.021411, 0.994316, 0.104295, 0.3, -0.000206, -0.104315, 0.994544, 0.0, 0.0, 0.0, 0.0, 1.0]
            ]
        },
        {
            "name": "Head",
            "time": [0.0, 0.2333, 0.4, 0.7833, 1.05, 1.5167],
            "transform": [
                [0.998827, 0.019615, 0.044263, -0.0, -0.036148, 0.910324, 0.412316, 0.4, -0.032206, -0.413432, 0.909965, 0.0, 0.0, 0.0, 0.0, 1.0],
                [0.998544, 0.020809, 0.049768, 0.0, -0.037238, 0.933415, 0.356862, 0.4, -0.039028, -0.358196, 0.932831, -0.0, 0.0, 0.0, 0.0, 1.0],
                [0.998289, 0.022018, 0.054169, 0.0, -0.037817, 0.949683, 0.31092, 0.4, -0.044597, -0.312437, 0.948891, -0.0, 0.0, 0.0, 0.0, 1.0],
                [0.981512, -0.171831, 0.084313, -0.0, 0.176594, 0.982873, -0.052674, 0.4, -0.073818, 0.066589, 0.995046, 0.0, 0.0, 0.0, 0.0, 1.0],
                [0.978562, -0.143401, 0.147828, 0.0, 0.152056, 0.987158, -0.048959, 0.4, -0.138908, 0.070388, 0.987801, 0.0, 0.0, 0.0, 0.0, 1.0],
                [0.85311, 0.037721, 0.520365, -0.0, -0.006297, 0.998055, -0.062025, 0.4, -0.521692, 0.049637, 0.851689, -0.0, 0.0, 0.0, 0.0, 1.0]
            ]
        },
        {
            "name": "Shoulder_R",
            "time": [0.0, 0.2333, 0.4, 0.4833, 0.7833, 1.05, 1.5167],
            "transform": [
                [0.006683, 0.988919, -0.148308, -0.0, 0.086967, 0.147174, 0.98528, 0.4, 0.996189, -0.019483, -0.08502, 0.0, 0.0, 0.0, 0.0, 1.0],
                [-0.11219, 0.985823, 0.124761, 0.0, 0.132398, -0.109604, 0.985118, 0.4, 0.984827, 0.127039, -0.118225, -0.0, 0.0, 0.0, 0.0, 1.0],
                [-0.154332, 0.98069, 0.120116, 0.0, 0.118045, -0.1024, 0.987714, 0.4, 0.980942, 0.166615, -0.099962, -0.0, 0.0, 0.0, 0.0, 1.0],
                [-0.207947, 0.972543, 0.10449, 0.0, 0.074563, -0.090754, 0.993078, 0.4, 0.975294, 0.214299, -0.053644, 0.0, 0.0, 0.0, 0.0, 1.0],
                [0.110305, 0.813864, 0.570489, -0.0, 0.091141, -0.579856, 0.809605, 0.4, 0.98971, -0.037308, -0.138137, 0.0, 0.0, 0.0, 0.0, 1.0],
                [0.110305, 0.840208, 0.530927, 0.0, 0.091141, -0.540487, 0.836401, 0.4, 0.98971, -0.04387, -0.136195, 0.0, 0.0, 0.0, 0.0, 1.0],
                [0.110305, 0.959352, 0.259762, -0.0, 0.091141, -0.270019, 0.958532, 0.4, 0.98971, -0.082056, -0.11722, -0.0, 0.0, 0.0, 0.0, 1.0]
            ]
        },
        {
            "name": "Arm_R",
            "time": [0.0, 0.2333, 0.4, 0.4833, 0.7833, 1.05, 1.5167],
            "transform": [
                [0.857364, 0.514191, -0.023126, 0.0, -0.090151, 0.105779, -0.990295, 0.393861, -0.506754, 0.851128, 0.137046, 0.0, 0.0, 0.0, 0.0, 1.0],
                [-0.519519, 0.85328, 0.044857, 0.0, 0.799473, 0.466889, 0.377966, 0.393861, 0.301568, 0.232222, -0.924732, -0.0, 0.0, 0.0, 0.0, 1.0],
                [-0.588206, 0.806735, 0.056497, 0.0, 0.80582, 0.578768, 0.125228, 0.39386, 0.068327, 0.119186, -0.990518, -0.0, 0.0, 0.0, 0.0, 1.0],
                [-0.905236, 0.404632, 0.129696, 0.0, 0.064179, 0.431933, -0.89962, 0.393861, -0.420035, -0.806044, -0.41697, 0.0, 0.0, 0.0, 0.0, 1.0],
                [0.027568, -0.007106, -0.999595, 0.0, 0.532391, 0.846454, 0.008665, 0.39386, 0.846049, -0.532414, 0.027118, -0.0, 0.0, 0.0, 0.0, 1.0],
                [0.020383, 0.012884, -0.999709, 0.0, 0.594088, 0.804086, 0.022476, 0.39386, 0.804142, -0.594373, 0.008736, -0.0, 0.0, 0.0, 0.0, 1.0],
                [0.016005, 0.076948, -0.996907, -0.0, 0.894149, 0.445112, 0.048712, 0.393861, 0.447483, -0.892163, -0.061679, 0.0, 0.0, 0.0, 0.0, 1.0]
            ]
        },
        {
            "name": "Hand_R",
            "time": [0.0, 0.2333, 0.4, 0.4833, 0.7833, 1.05, 1.2333, 1.5167],
            "transform": [
                [0.999998, 0.000272, 0.001803, 0.0, 0.000868, 0.798529, -0.601955, 0.3, -0.001603, 0.601956, 0.798528, 0.0, 0.0, 0.0, 0.0, 1.0],
                [0.999998, 0.00134, 0.001236, -0.0, 0.000867, 0.246556, -0.969128, 0.3, -0.001603, 0.969128, 0.246555, 0.0, 0.0, 0.0, 0.0, 1.0],
                [0.999998, 0.000798, 0.001638, 0.0, 0.000867, 0.58211, -0.813109, 0.3, -0.001603, 0.813109, 0.582109, 0.0, 0.0, 0.0, 0.0, 1.0],
                [0.999998, -0.000763, 0.001654, 0.0, 0.000867, 0.997967, -0.063736, 0.3, -0.001602, 0.063737, 0.997965, -0.0, 0.0, 0.0, 0.0, 1.0],
                [0.999998, -0.000843, 0.001617, 0.0, 0.000868, 0.999882, -0.015341, 0.3, -0.001603, 0.015342, 0.999881, 0.0, 0.0, 0.0, 0.0, 1.0],
                [0.999998, -0.000818, 0.00163, 0.0, 0.000868, 0.999515, -0.031124, 0.3, -0.001603, 0.031125, 0.999514, -0.0, 0.0, 0.0, 0.0, 1.0],
                [0.999998, 0.000143, 0.001817, 0.0, 0.000868, 0.83934, -0.543606, 0.3, -0.001603, 0.543607, 0.839339, -0.0, 0.0, 0.0, 0.0, 1.0],
                [0.999998, -0.000654, 0.001702, -0.0, 0.000868, 0.99162, -0.129185, 0.3, -0.001603, 0.129186, 0.991619, -0.0, 0.0, 0.0, 0.0, 1.0]
            ]
        },
        {
            "name": "Tool_R",
            "time": [0.0, 0.2333, 0.4, 0.7833, 1.05, 1.5167],
            "transform": [
                [0.976086, -0.063799, 0.207811, 0.015054, -0.000916, -0.957162, -0.28955, 0.243316, 0.217254, 0.282258, -0.933781, 0.024459, 0.0, 0.0, 0.0, 1.0],
                [0.976086, -0.063799, 0.207811, 0.015053, -0.000916, -0.957162, -0.28955, 0.243316, 0.217254, 0.282258, -0.933782, 0.024459, 0.0, 0.0, 0.0, 1.0],
                [0.976086, -0.063799, 0.207811, 0.015054, -0.000916, -0.957163, -0.28955, 0.243316, 0.217254, 0.282258, -0.933781, 0.024459, 0.0, 0.0, 0.0, 1.0],
                [0.976086, -0.063799, 0.207812, 0.015054, -0.000916, -0.957162, -0.28955, 0.243316, 0.217254, 0.282258, -0.933781, 0.024459, 0.0, 0.0, 0.0, 1.0],
                [0.976086, -0.063799, 0.207812, 0.015054, -0.000916, -0.957162, -0.28955, 0.243316, 0.217254, 0.282258, -0.933781, 0.024459, 0.0, 0.0, 0.0, 1.0],
                [0.976086, -0.063799, 0.207812, 0.015054, -0.000916, -0.957162, -0.28955, 0.243316, 0.217254, 0.282258, -0.933781, 0.024459, 0.0, 0.0, 0.0, 1.0]
            ]
        },
        {
            "name": "Elbow_R",
            "time": [0.0, 0.2333, 0.4, 0.7833, 1.05, 1.5167],
            "transform": [
                [-1.0, 0.0, -0.0, 0.0, 0.0, -0.0, -1.0, 0.341622, -0.0, -1.0, 0.0, -0.0, 0.0, 0.0, 0.0, 1.0],
                [-1.0, 0.0, -0.0, -0.0, 0.0, -0.0, -1.0, 0.341622, -0.0, -1.0, -0.0, 0.0, 0.0, 0.0, 0.0, 1.0],
                [-1.0, 0.0, -0.0, 0.0, 0.0, -0.0, -1.0, 0.341622, -0.0, -1.0, 0.0, 0.0, 0.0, 0.0, 0.0, 1.0],
                [-1.0, 0.0, -0.0, -0.0, 0.0, -0.0, -1.0, 0.341622, -0.0, -1.0, 0.0, 0.0, 0.0, 0.0, 0.0, 1.0],
                [-1.0, 0.0, -0.0, -0.0, 0.0, -0.0, -1.0, 0.341622, -0.0, -1.0, 0.0, -0.0, 0.0, 0.0, 0.0, 1.0],
                [-1.0, 0.0, 0.0, -0.0, 0.0, -0.0, -1.0, 0.341622, -0.0, -1.0, 0.0, -0.0, 0.0, 0.0, 0.0, 1.0]
            ]
        },
        {
            "name": "Shoulder_L",
            "time": [0.0, 0.2333, 0.4, 0.4833, 0.7833, 1.05, 1.5167],
            "transform": [
                [0.040309, -0.929213, 0.367339, -0.0, 0.041739, 0.368883, 0.928538, 0.4, -0.998315, -0.022096, 0.053653, 0.0, 0.0, 0.0, 0.0, 1.0],
                [-0.173771, -0.9716, 0.160613, 0.0, -0.021129, 0.166736, 0.985775, 0.4, -0.984559, 0.167906, -0.049502, -0.0, 0.0, 0.0, 0.0, 1.0],
                [-0.209542, -0.977348, 0.029713, 0.0, 0.009189, 0.028418, 0.999554, 0.4, -0.977756, 0.209722, 0.003026, -0.0, 0.0, 0.0, 0.0, 1.0],
                [-0.255045, -0.952621, -0.165726, 0.0, 0.086772, -0.193252, 0.977305, 0.4, -0.963028, 0.234876, 0.131949, 0.0, 0.0, 0.0, 0.0, 1.0],
                [-0.223566, -0.806543, -0.547272, -0.0, -0.022073, -0.55715, 0.830118, 0.4, -0.974439, 0.197666, 0.106757, 0.0, 0.0, 0.0, 0.0, 1.0],
                [0.022237, -0.897786, -0.439869, 0.0, 0.000473, -0.439968, 0.898013, 0.4, -0.999753, -0.020177, -0.009359, 0.0, 0.0, 0.0, 0.0, 1.0],
                [-0.223566, -0.946611, -0.232262, -0.0, -0.022073, -0.233315, 0.972151, 0.4, -0.974439, 0.222466, 0.031267, -0.0, 0.0, 0.0, 0.0, 1.0]
            ]
        },
        {
            "name": "Arm_L",
            "time": [0.0, 0.2333, 0.4, 0.4833, 0.7833, 1.05, 1.2333, 1.5167],
            "transform": [
                [0.474017, -0.489769, 0.731733, 0.0, 0.749014, -0.212607, -0.627516, 0.39386, 0.46291, 0.845532, 0.266065, -0.0, 0.0, 0.0, 0.0, 1.0],
                [-0.538016, -0.839905, -0.0714, 0.0, -0.601965, 0.442127, -0.664953, 0.39386, 0.590065, -0.314775, -0.743465, 0.0, 0.0, 0.0, 0.0, 1.0],
                [-0.538267, -0.836877, -0.099528, 0.0, -0.597224, 0.462093, -0.655587, 0.39386, 0.594636, -0.29344, -0.748532, 0.0, 0.0, 0.0, 0.0, 1.0],
                [-0.656103, -0.754591, 0.011061, -0.0, -0.48183, 0.407572, -0.775709, 0.39386, 0.580835, -0.514274, -0.630994, -0.0, 0.0, 0.0, 0.0, 1.0],
                [-0.489048, 0.798417, 0.35123, -0.0, 0.221917, 0.503307, -0.835126, 0.39386, -0.843555, -0.330473, -0.423323, 0.0, 0.0, 0.0, 0.0, 1.0],
                [-0.477638, 0.723812, 0.497954, -0.0, -0.223461, 0.448057, -0.865627, 0.39386, -0.849663, -0.52473, -0.052265, 0.0, 0.0, 0.0, 0.0, 1.0],
                [-0.41508, 0.606453, 0.678177, -0.0, -0.481125, 0.486339, -0.729378, 0.39386, -0.772157, -0.629038, 0.08991, 0.0, 0.0, 0.0, 0.0, 1.0],
                [-0.500407, 0.200124, 0.842344, -0.0, -0.753024, 0.37952, -0.537512, 0.39386, -0.427255, -0.90328, -0.039216, 0.0, 0.0, 0.0, 0.0, 1.0]
            ]
        },
        {
            "name": "Hand_L",
            "time": [0.0, 0.2333, 0.4, 0.4833, 0.7833, 1.05, 1.5167],
            "transform": [
                [0.999993, -0.002642, -0.002727, -0.0, 0.000938, 0.867913, -0.496716, 0.3, 0.003679, 0.49671, 0.867909, 0.0, 0.0, 0.0, 0.0, 1.0],
                [0.999993, -0.002547, -0.002816, -0.0, 0.000938, 0.884333, -0.466857, 0.3, 0.003679, 0.466851, 0.884329, -0.0, 0.0, 0.0, 0.0, 1.0],
                [0.999993, -0.002075, -0.003179, 0.0, 0.000938, 0.946481, -0.322758, 0.3, 0.003679, 0.322753, 0.946476, 0.0, 0.0, 0.0, 0.0, 1.0],
                [0.999993, -0.000907, -0.003687, 0.0, 0.000938, 0.999963, 0.008597, 0.3, 0.003679, -0.0086, 0.999956, 0.0, 0.0, 0.0, 0.0, 1.0],
                [0.999993, -0.003589, -0.00124, -0.0, 0.000938, 0.549931, -0.83521, 0.3, 0.003679, 0.835203, 0.54993, -0.0, 0.0, 0.0, 0.0, 1.0],
                [0.999993, -0.001592, -0.003447, -0.0, 0.000938, 0.983318, -0.181895, 0.3, 0.003679, 0.181891, 0.983312, -0.0, 0.0, 0.0, 0.0, 1.0],
                [0.999993, -0.000878, -0.003694, -0.0, 0.000938, 0.999867, 0.016288, 0.3, 0.003679, -0.016291, 0.999861, -0.0, 0.0, 0.0, 0.0, 1.0]
            ]
        },
        {
            "name": "Tool_L",
            "time": [0.0, 0.2333, 0.4, 0.7833, 1.05, 1.5167],
            "transform": [
                [0.997004, 0.01104, -0.076554, 0.0, -0.036659, -0.804079, -0.593391, 0.272858, -0.068067, 0.594062, -0.8008, -0.0, 0.0, 0.0, 0.0, 1.0],
                [0.997004, 0.01104, -0.076554, 0.0, -0.036659, -0.804079, -0.593391, 0.272858, -0.068067, 0.594062, -0.8008, -0.0, 0.0, 0.0, 0.0, 1.0],
                [0.997004, 0.01104, -0.076554, -0.0, -0.036659, -0.804079, -0.593391, 0.272858, -0.068067, 0.594062, -0.8008, -0.0, 0.0, 0.0, 0.0, 1.0],
                [0.997004, 0.01104, -0.076554, -0.0, -0.036659, -0.804079, -0.593391, 0.272858, -0.068067, 0.594062, -0.8008, -0.0, 0.0, 0.0, 0.0, 1.0],
                [0.997004, 0.01104, -0.076554, 0.0, -0.036659, -0.804079, -0.593391, 0.272858, -0.068067, 0.594062, -0.8008, -0.0, 0.0, 0.0, 0.0, 1.0],
                [0.997004, 0.01104, -0.076554, 0.0, -0.036659, -0.804079, -0.593391, 0.272858, -0.068067, 0.594062, -0.8008, -0.0, 0.0, 0.0, 0.0, 1.0]
            ]
        },
        {
            "name": "Elbow_L",
            "time": [0.0, 0.2333, 0.4, 0.7833, 1.05, 1.5167],
            "transform": [
                [-1.0, 0.0, -0.0, 2.7e-05, 0.0, -0.0, -1.0, 0.334301, -0.0, -1.0, -0.0, -0.002121, 0.0, 0.0, 0.0, 1.0],
                [-1.0, 0.0, -0.0, 2.7e-05, 0.0, -0.013021, -0.999915, 0.334301, -0.0, -0.999915, 0.01302, -0.002121, 0.0, 0.0, 0.0, 1.0],
                [-1.0, 0.0, -0.0, 2.7e-05, 0.0, -0.023519, -0.999723, 0.334301, -0.0, -0.999723, 0.023519, -0.00212, 0.0, 0.0, 0.0, 1.0],
                [-1.0, 0.0, 0.0, 2.7e-05, 0.0, 0.361435, -0.932398, 0.334301, -0.0, -0.932398, -0.361434, -0.002121, 0.0, 0.0, 0.0, 1.0],
                [-1.0, 0.0, 0.0, 2.7e-05, -0.0, -0.021041, -0.999779, 0.334301, -0.0, -0.999779, 0.021041, -0.002121, 0.0, 0.0, 0.0, 1.0],
                [-1.0, 0.0, -0.0, 2.7e-05, 0.0, -0.0, -1.0, 0.334302, -0.0, -1.0, -0.0, -0.002121, 0.0, 0.0, 0.0, 1.0]
            ]
        }
    ]
}