{
    "animation": [
        {
            "name": "Root",
            "time": [0.0, 0.3, 0.5833, 1.0167, 1.2, 1.55, 1.8333],
            "transform": [
                [0.854339, 0.028643, -0.518927, -5e-06, -0.51914, 0.0, -0.854689, 0.000946, -0.024481, 0.99959, 0.01487, 0.753683, 0.0, 0.0, 0.0, 1.0],
                [0.825764, 0.139039, -0.546609, -0.019216, -0.519047, -0.19187, -0.832932, -0.009126, -0.220688, 0.971522, -0.086272, 0.508938, 0.0, 0.0, 0.0, 1.0],
                [0.949902, -0.052212, -0.308157, -0.020742, -0.171821, -0.910832, -0.375316, 0.012901, -0.261084, 0.409461, -0.874172, 0.086738, 0.0, 0.0, 0.0, 1.0],
                [0.949967, -0.052197, -0.307959, -0.020728, -0.17165, -0.910958, -0.37509, 0.012901, -0.260959, 0.409184, -0.874339, 0.086765, 0.0, 0.0, 0.0, 1.0],
                [0.957961, -0.049773, -0.282549, -0.018897, -0.150051, -0.926324, -0.345555, 0.012941, -0.244533, 0.373424, -0.894851, 0.090197, 0.0, 0.0, 0.0, 1.0],
                [0.999086, 0.031643, -0.028749, 1.8e-05, 0.031752, -0.99949, 0.003324, 0.013358, -0.028629, -0.004234, -0.999581, 0.125654, 0.0, 0.0, 0.0, 1.0],
                [0.999086, 0.031643, -0.028749, 1.8e-05, 0.031752, -0.99949, 0.003324, 0.013358, -0.028629, -0.004234, -0.999581, 0.125654, 0.0, 0.0, 0.0, 1.0]
            ]
        },
        {
            "name": "Thigh_R",
            "time": [0.0, 0.3, 0.5833, 1.0167, 1.2, 1.55, 1.8333],
            "transform": [
                [0.992811, 0.117851, -0.020883, 0.124994, 0.118536, -0.99232, 0.035348, -0.002831, -0.016557, -0.037569, -0.999157, -1.2e-05, 0.0, 0.0, 0.0, 1.0],
                [0.9023, -0.05862, -0.427104, 0.112145, 0.300437, -0.62501, 0.720486, 0.018148, -0.309179, -0.778412, -0.546336, -0.014694, 0.0, 0.0, 0.0, 1.0],
                [0.996909, -0.078066, 0.008836, 0.125203, -0.037974, -0.380344, 0.924065, 0.011961, -0.068777, -0.921544, -0.382134, -0.047321, 0.0, 0.0, 0.0, 1.0],
                [0.996908, -0.077947, -0.00993, 0.125203, -0.038019, -0.589072, 0.807186, 0.011951, -0.068767, -0.804312, -0.590215, -0.047289, 0.0, 0.0, 0.0, 1.0],
                [0.996771, -0.079779, 0.009058, 0.125184, -0.043741, -0.444952, 0.894486, 0.010646, -0.067331, -0.891994, -0.447006, -0.043116, 0.0, 0.0, 0.0, 1.0],
                [0.99532, -0.096478, -0.005467, 0.124994, -0.093575, -0.976408, 0.194606, -0.002831, -0.024114, -0.193183, -0.980867, -1.2e-05, 0.0, 0.0, 0.0, 1.0],
                [0.99532, -0.094349, -0.020883, 0.124994, -0.093575, -0.994984, 0.035348, -0.002831, -0.024114, -0.033228, -0.999157, -1.2e-05, 0.0, 0.0, 0.0, 1.0]
            ]
        },
        {
            "name": "Leg_R",
            "time": [0.0, 0.3, 0.5833, 1.0167, 1.2, 1.55, 1.8333],
            "transform": [
                [1.0, -0.0, 1e-06, 0.0, 0.0, 0.997612, 0.069073, 0.37472, -1e-06, -0.069073, 0.997611, -0.0, 0.0, 0.0, 0.0, 1.0],
                [1.0, -1e-06, -0.0, -0.0, 0.0, -0.081467, 0.996675, 0.37472, -1e-06, -0.996677, -0.081467, 0.0, 0.0, 0.0, 0.0, 1.0],
                [1.0, -1e-06, 0.0, 0.0, -0.0, 0.150505, 0.988608, 0.37472, -1e-06, -0.98861, 0.150505, -0.0, 0.0, 0.0, 0.0, 1.0],
                [1.0, -1e-06, 0.0, 0.0, -0.0, 0.15091, 0.988547, 0.37472, -1e-06, -0.988548, 0.15091, -0.0, 0.0, 0.0, 0.0, 1.0],
                [1.0, -1e-06, 0.0, 0.0, -0.0, 0.202533, 0.979275, 0.37472, -1e-06, -0.979276, 0.202533, 0.0, 0.0, 0.0, 0.0, 1.0],
                [1.0, -1e-06, 1e-06, 0.0, 0.0, 0.869912, 0.493208, 0.37472, -1e-06, -0.493208, 0.869911, -0.0, 0.0, 0.0, 0.0, 1.0],
                [1.0, -0.0, 1e-06, -0.0, 0.0, 0.997612, 0.069073, 0.37472, -1e-06, -0.069073, 0.997611, -0.0, 0.0, 0.0, 0.0, 1.0]
            ]
        },
        {
            "name": "Knee_R",
            "time": [0.0, 0.3, 0.5833, 1.0167, 1.2, 1.55, 1.8333],
            "transform": [
                [1.0, 0.0, -0.0, 0.0, -0.0, 1e-06, -1.0, 0.37472, -0.0, 1.0, 1e-06, -0.0, 0.0, 0.0, 0.0, 1.0],
                [1.0, 0.0, -0.0, -0.0, -0.0, 0.284596, -0.958648, 0.37472, -0.0, 0.958648, 0.284596, 0.0, 0.0, 0.0, 0.0, 1.0],
                [1.0, 0.0, -0.0, 0.0, -0.0, 1e-06, -1.0, 0.37472, -0.0, 1.0, 1e-06, -0.0, 0.0, 0.0, 0.0, 1.0],
                [1.0, 0.0, -0.0, 0.0, -0.0, 1e-06, -1.0, 0.37472, -0.0, 1.0, 1e-06, -0.0, 0.0, 0.0, 0.0, 1.0],
                [1.0, 0.0, -0.0, 0.0, -0.0, 1e-06, -1.0, 0.37472, -0.0, 1.0, 1e-06, 0.0, 0.0, 0.0, 0.0, 1.0],
                [1.0, 0.0, -0.0, 0.0, -0.0, 1e-06, -1.0, 0.37472, -0.0, 1.0, 1e-06, -0.0, 0.0, 0.0, 0.0, 1.0],
                [1.0, 0.0, -0.0, -0.0, -0.0, 1e-06, -1.0, 0.37472, -0.0, 1.0, 1e-06, -0.0, 0.0, 0.0, 0.0, 1.0]
            ]
        },
        {
            "name": "Thigh_L",
            "time": [0.0, 0.5833, 1.0167, 1.2, 1.55, 1.8333],
            "transform": [
                [0.869242, -0.120567, -0.479458, -0.125006, -0.021407, -0.978077, 0.207141, -0.002831, -0.493921, -0.169792, -0.852767, -1.2e-05, 0.0, 0.0, 0.0, 1.0],
                [0.973037, -0.201997, -0.111331, -0.13527, -0.046989, -0.646181, 0.761736, 0.00491, -0.225808, -0.735967, -0.63825, -0.018774, 0.0, 0.0, 0.0, 1.0],
                [0.849663, -0.450353, -0.274324, -0.135279, 0.157363, -0.27997, 0.947023, 0.004916, -0.503297, -0.84782, -0.167012, -0.01879, 0.0, 0.0, 0.0, 1.0],
                [0.854867, -0.51666, -0.04759, -0.136444, 0.182016, 0.212738, 0.960006, 0.005796, -0.485873, -0.82934, 0.275902, -0.020921, 0.0, 0.0, 0.0, 1.0],
                [0.813687, 0.161766, -0.558341, -0.148487, 0.468892, -0.750367, 0.465928, 0.014878, -0.34359, -0.640922, -0.686415, -0.042936, 0.0, 0.0, 0.0, 1.0],
                [0.813687, 0.236661, -0.530947, -0.148487, 0.468892, -0.807075, 0.358844, 0.014878, -0.343589, -0.540944, -0.767675, -0.042936, 0.0, 0.0, 0.0, 1.0]
            ]
        },
        {
            "name": "Leg_L",
            "time": [0.0, 0.3, 0.5833, 1.0167, 1.2, 1.55, 1.8333],
            "transform": [
                [0.998576, 0.053235, -0.003397, 0.0, -0.051599, 0.980122, 0.191569, 0.37472, 0.013527, -0.191121, 0.981474, 0.0, 0.0, 0.0, 0.0, 1.0],
                [0.998576, 0.031066, 0.043363, 0.0, -0.051599, 0.356403, 0.932907, 0.37472, 0.013527, -0.933816, 0.357498, 0.0, 0.0, 0.0, 0.0, 1.0],
                [0.998576, 0.024555, 0.047355, -0.0, -0.0516, 0.219529, 0.974241, 0.37472, 0.013527, -0.975297, 0.220483, 0.0, 0.0, 0.0, 0.0, 1.0],
                [0.998576, -0.024164, 0.047556, 0.0, -0.0516, -0.663637, 0.746273, 0.37472, 0.013527, -0.747664, -0.663939, -0.0, 0.0, 0.0, 0.0, 1.0],
                [0.998576, 0.027573, 0.045664, -0.0, -0.051599, 0.28221, 0.957964, 0.37472, 0.013527, -0.958956, 0.283232, -0.0, 0.0, 0.0, 0.0, 1.0],
                [0.998576, 0.049464, 0.01997, 0.0, -0.051599, 0.800761, 0.596757, 0.37472, 0.013527, -0.596937, 0.802174, 0.0, 0.0, 0.0, 0.0, 1.0],
                [0.998576, 0.049464, 0.01997, 0.0, -0.051599, 0.800761, 0.596757, 0.37472, 0.013527, -0.596937, 0.802174, 0.0, 0.0, 0.0, 0.0, 1.0]
            ]
        },
        {
            "name": "Knee_L",
            "time": [0.0, 0.5833, 1.0167, 1.2, 1.55, 1.8333],
            "transform": [
                [1.0, 0.0, -0.0, 0.0, -0.0, 1e-06, -1.0, 0.37472, -0.0, 1.0, 1e-06, 0.0, 0.0, 0.0, 0.0, 1.0],
                [1.0, 0.0, -0.0, -0.0, -0.0, 0.463214, -0.886246, 0.37472, -0.0, 0.886246, 0.463214, 0.0, 0.0, 0.0, 0.0, 1.0],
                [1.0, 0.0, -0.0, 0.0, -0.0, 0.462916, -0.886402, 0.37472, -0.0, 0.886402, 0.462916, -0.0, 0.0, 0.0, 0.0, 1.0],
                [1.0, 0.0, -0.0, -0.0, -0.0, 0.42434, -0.905503, 0.37472, -0.0, 0.905503, 0.424339, -0.0, 0.0, 0.0, 0.0, 1.0],
                [1.0, 0.0, -0.0, 0.0, -0.0, 1e-06, -1.0, 0.37472, -0.0, 1.0, 1e-06, 0.0, 0.0, 0.0, 0.0, 1.0],
                [1.0, 0.0, -0.0, 0.0, -0.0, 1e-06, -1.0, 0.37472, -0.0, 1.0, 1e-06, 0.0, 0.0, 0.0, 0.0, 1.0]
            ]
        },
        {
            "name": "Torso",
            "time": [0.0, 0.3, 0.5833, 1.0167, 1.2, 1.55, 1.8333],
            "transform": [
                [0.999042, -0.043673, -0.002705, 0.0, 0.04367, 0.999045, -0.001423, 0.05, 0.002765, 0.001304, 0.999995, -0.0, 0.0, 0.0, 0.0, 1.0],
                [0.986944, 0.132344, 0.091801, 0.0, -0.126885, 0.989917, -0.062974, 0.05, -0.099209, 0.050504, 0.993784, 0.0, 0.0, 0.0, 0.0, 1.0],
                [0.962797, -0.184768, 0.197185, 0.0, 0.11097, 0.935686, 0.334929, 0.05, -0.246387, -0.300588, 0.92138, -0.0, 0.0, 0.0, 0.0, 1.0],
                [0.962844, -0.184656, 0.197062, -0.0, 0.110948, 0.935752, 0.334752, 0.05, -0.246215, -0.30045, 0.92147, 0.0, 0.0, 0.0, 0.0, 1.0],
                [0.968593, -0.170391, 0.181093, -0.0, 0.10774, 0.943975, 0.311935, 0.05, -0.224098, -0.282627, 0.932685, -0.0, 0.0, 0.0, 0.0, 1.0],
                [0.999042, -0.04333, -0.006096, 0.0, 0.04367, 0.996127, 0.076319, 0.05, 0.002765, -0.076512, 0.997065, -0.0, 0.0, 0.0, 0.0, 1.0],
                [0.999042, -0.042919, -0.008521, 0.0, 0.04367, 0.990263, 0.132181, 0.05, 0.002765, -0.132426, 0.991189, -0.0, 0.0, 0.0, 0.0, 1.0]
            ]
        },
        {
            "name": "Chest",
            "time": [0.0, 0.3, 0.5833, 0.8, 1.0167, 1.2, 1.55, 1.8333],
            "transform": [
                [0.999771, -0.021316, -0.002029, 0.0, 0.021411, 0.994316, 0.104295, 0.3, -0.000206, -0.104315, 0.994544, 0.0, 0.0, 0.0, 0.0, 1.0],
                [0.989799, 0.142432, -0.003366, 0.0, -0.140351, 0.978857, 0.148799, 0.3, 0.024489, -0.146809, 0.988862, 0.0, 0.0, 0.0, 0.0, 1.0],
                [0.999712, -0.016643, -0.017293, -0.0, 0.02206, 0.921007, 0.38892, 0.3, 0.009454, -0.389189, 0.921109, -0.0, 0.0, 0.0, 0.0, 1.0],
                [0.998484, 0.03727, -0.040495, 0.0, -0.019472, 0.927445, 0.373452, 0.3, 0.051475, -0.372097, 0.926766, -0.0, 0.0, 0.0, 0.0, 1.0],
                [0.999808, -0.018526, -0.006392, 0.0, 0.019587, 0.955584, 0.294067, 0.3, 0.00066, -0.294136, 0.955764, -0.0, 0.0, 0.0, 0.0, 1.0],
                [0.999805, -0.018806, -0.00603, -0.0, 0.019741, 0.960471, 0.277679, 0.3, 0.00057, -0.277743, 0.960655, -0.0, 0.0, 0.0, 0.0, 1.0],
                [0.999771, -0.021316, -0.002029, 0.0, 0.021411, 0.994316, 0.104295, 0.3, -0.000206, -0.104315, 0.994544, -0.0, 0.0, 0.0, 0.0, 1.0],
                [0.999771, -0.021316, -0.002029, -0.0, 0.021411, 0.994316, 0.104295, 0.3, -0.000206, -0.104315, 0.994545, -0.0, 0.0, 0.0, 0.0, 1.0]
            ]
        },
        {
            "name": "Head",
            "time": [0.0, 0.3, 0.5833, 1.0167, 1.2, 1.55, 1.8333],
            "transform": [
                [0.85311, 0.037721, 0.520365, -0.0, -0.006297, 0.998055, -0.062025, 0.4, -0.521692, 0.049637, 0.851689, -0.0, 0.0, 0.0, 0.0, 1.0],
                [0.89208, -0.242928, 0.381023, 0.0, 0.158819, 0.957962, 0.238925, 0.4, -0.423047, -0.152627, 0.893161, 0.0, 0.0, 0.0, 0.0, 1.0],
                [0.998208, 0.024327, 0.054664, -0.0, -0.037215, 0.967822, 0.248869, 0.4, -0.046851, -0.250458, 0.966993, 0.0, 0.0, 0.0, 0.0, 1.0],
                [0.998209, 0.024315, 0.054663, -0.0, -0.037216, 0.967754, 0.249133, 0.4, -0.046842, -0.250721, 0.966925, -0.0, 0.0, 0.0, 0.0, 1.0],
                [0.998252, 0.022864, 0.054493, 0.0, -0.037388, 0.958462, 0.282759, 0.4, -0.045765, -0.284302, 0.957642, -0.0, 0.0, 0.0, 0.0, 1.0],
                [0.998827, 0.009544, 0.047464, 0.0, -0.036148, 0.799185, 0.599997, 0.4, -0.032206, -0.601009, 0.798593, -0.0, 0.0, 0.0, 0.0, 1.0],
                [0.998827, 0.019615, 0.044263, -0.0, -0.036148, 0.910324, 0.412316, 0.4, -0.032206, -0.413432, 0.909965, 0.0, 0.0, 0.0, 0.0, 1.0]
            ]
        },
        {
            "name": "Shoulder_R",
            "time": [0.0, 0.5833, 1.0167, 1.2, 1.55, 1.8333],
            "transform": [
                [0.110305, 0.959352, 0.259762, -0.0, 0.091141, -0.270019, 0.958532, 0.4, 0.98971, -0.082056, -0.11722, -0.0, 0.0, 0.0, 0.0, 1.0],
                [0.023909, 0.986677, 0.160924, -0.0, 0.07996, -0.162341, 0.98349, 0.4, 0.996511, -0.010647, -0.082776, 0.0, 0.0, 0.0, 0.0, 1.0],
                [0.023898, 0.986712, 0.160711, -0.0, 0.079967, -0.162129, 0.983524, 0.4, 0.996511, -0.010652, -0.082779, -0.0, 0.0, 0.0, 0.0, 1.0],
                [0.022467, 0.990798, 0.133473, 0.0, 0.080801, -0.13487, 0.987563, 0.4, 0.996477, -0.011403, -0.083087, -0.0, 0.0, 0.0, 0.0, 1.0],
                [0.006683, 0.988918, -0.148308, 0.0, 0.086967, 0.147174, 0.98528, 0.4, 0.996189, -0.019483, -0.08502, -0.0, 0.0, 0.0, 0.0, 1.0],
                [0.006683, 0.988919, -0.148308, -0.0, 0.086967, 0.147174, 0.98528, 0.4, 0.996189, -0.019483, -0.08502, 0.0, 0.0, 0.0, 0.0, 1.0]
            ]
        },
        {
            "name": "Arm_R",
            "time": [0.0, 0.3, 0.5833, 1.0167, 1.2, 1.55, 1.8333],
            "transform": [
                [0.016005, 0.076948, -0.996907, -0.0, 0.894149, 0.445112, 0.048712, 0.393861, 0.447483, -0.892163, -0.061679, 0.0, 0.0, 0.0, 0.0, 1.0],
                [0.0022, 0.12584, -0.992048, 0.0, 0.669259, 0.736936, 0.094964, 0.39386, 0.743026, -0.664146, -0.082598, 0.0, 0.0, 0.0, 0.0, 1.0],
                [-0.048144, 0.821175, -0.568642, -0.0, 0.99867, 0.050076, -0.012238, 0.393861, 0.018425, -0.568475, -0.822494, 0.0, 0.0, 0.0, 0.0, 1.0],
                [-0.047877, 0.821678, -0.567938, 0.0, 0.998709, 0.049025, -0.013263, 0.39386, 0.016946, -0.56784, -0.822964, -0.0, 0.0, 0.0, 0.0, 1.0],
                [-0.001989, 0.879784, -0.475369, -0.0, 0.984718, -0.08106, -0.154143, 0.39386, -0.174146, -0.468411, -0.866178, 0.0, 0.0, 0.0, 0.0, 1.0],
                [0.828604, 0.553459, -0.084247, 0.0, -0.12841, 0.04142, -0.990856, 0.39386, -0.544909, 0.831845, 0.105391, -0.0, 0.0, 0.0, 0.0, 1.0],
                [0.857364, 0.514191, -0.023126, 0.0, -0.090151, 0.105779, -0.990295, 0.393861, -0.506754, 0.851128, 0.137046, 0.0, 0.0, 0.0, 0.0, 1.0]
            ]
        },
        {
            "name": "Hand_R",
            "time": [0.0, 0.5833, 1.0167, 1.2, 1.55, 1.8333],
            "transform": [
                [0.999998, -0.000654, 0.001702, -0.0, 0.000868, 0.99162, -0.129185, 0.3, -0.001603, 0.129186, 0.991619, -0.0, 0.0, 0.0, 0.0, 1.0],
                [0.999998, -0.000813, 0.001632, 0.0, 0.000868, 0.999423, -0.033945, 0.3, -0.001603, 0.033946, 0.999422, -0.0, 0.0, 0.0, 0.0, 1.0],
                [0.999998, -0.000812, 0.001632, -0.0, 0.000868, 0.999409, -0.034364, 0.3, -0.001603, 0.034366, 0.999408, -0.0, 0.0, 0.0, 0.0, 1.0],
                [0.999998, -0.000723, 0.001674, 0.0, 0.000868, 0.996102, -0.088207, 0.3, -0.001603, 0.088208, 0.996101, 0.0, 0.0, 0.0, 0.0, 1.0],
                [0.999998, 0.000272, 0.001803, 0.0, 0.000868, 0.798529, -0.601955, 0.3, -0.001603, 0.601956, 0.798528, 0.0, 0.0, 0.0, 0.0, 1.0],
                [0.999998, 0.000272, 0.001803, 0.0, 0.000868, 0.798529, -0.601955, 0.3, -0.001603, 0.601956, 0.798528, 0.0, 0.0, 0.0, 0.0, 1.0]
            ]
        },
        {
            "name": "Tool_R",
            "time": [0.0, 0.5833, 1.0167, 1.2, 1.55, 1.8333],
            "transform": [
                [0.976086, -0.063799, 0.207812, 0.015054, -0.000916, -0.957162, -0.28955, 0.243316, 0.217254, 0.282258, -0.933781, 0.024459, 0.0, 0.0, 0.0, 1.0],
                [0.976086, -0.063799, 0.207812, 0.015054, -0.000916, -0.957162, -0.28955, 0.243316, 0.217254, 0.282258, -0.933781, 0.024459, 0.0, 0.0, 0.0, 1.0],
                [0.976086, -0.063799, 0.207812, 0.015054, -0.000916, -0.957162, -0.28955, 0.243316, 0.217254, 0.282258, -0.933781, 0.024459, 0.0, 0.0, 0.0, 1.0],
                [0.976086, -0.063799, 0.207812, 0.015054, -0.000916, -0.957162, -0.28955, 0.243316, 0.217254, 0.282258, -0.933781, 0.024459, 0.0, 0.0, 0.0, 1.0],
                [0.976086, -0.063799, 0.207811, 0.015054, -0.000916, -0.957162, -0.28955, 0.243316, 0.217254, 0.282258, -0.933781, 0.024459, 0.0, 0.0, 0.0, 1.0],
                [0.976086, -0.063799, 0.207811, 0.015054, -0.000916, -0.957162, -0.28955, 0.243316, 0.217254, 0.282258, -0.933781, 0.024459, 0.0, 0.0, 0.0, 1.0]
            ]
        },
        {
            "name": "Elbow_R",
            "time": [0.0, 0.5833, 1.0167, 1.2, 1.55, 1.8333],
            "transform": [
                [-1.0, 0.0, 0.0, -0.0, 0.0, -0.0, -1.0, 0.341622, -0.0, -1.0, 0.0, -0.0, 0.0, 0.0, 0.0, 1.0],
                [-1.0, 0.0, -0.0, 0.0, 0.0, 0.0, -1.0, 0.341622, -0.0, -1.0, 0.0, -0.0, 0.0, 0.0, 0.0, 1.0],
                [-1.0, 0.0, -0.0, -0.0, 0.0, 0.0, -1.0, 0.341622, -0.0, -1.0, 0.0, -0.0, 0.0, 0.0, 0.0, 1.0],
                [-1.0, 0.0, -0.0, 0.0, 0.0, -0.0, -1.0, 0.341622, -0.0, -1.0, 0.0, 0.0, 0.0, 0.0, 0.0, 1.0],
                [-1.0, 0.0, -0.0, -0.0, 0.0, -0.0, -1.0, 0.341622, -0.0, -1.0, 0.0, -0.0, 0.0, 0.0, 0.0, 1.0],
                [-1.0, 0.0, -0.0, 0.0, 0.0, -0.0, -1.0, 0.341622, -0.0, -1.0, 0.0, -0.0, 0.0, 0.0, 0.0, 1.0]
            ]
        },
        {
            "name": "Shoulder_L",
            "time": [0.0, 0.5833, 1.0167, 1.2, 1.55, 1.8333],
            "transform": [
                [-0.223566, -0.946611, -0.232262, -0.0, -0.022073, -0.233315, 0.972151, 0.4, -0.974439, 0.222466, 0.031267, -0.0, 0.0, 0.0, 0.0, 1.0],
                [0.032127, -0.986542, -0.160321, -0.0, -0.049407, -0.161776, 0.98559, 0.4, -0.998262, -0.023743, -0.053939, 0.0, 0.0, 0.0, 0.0, 1.0],
                [0.047436, -0.981305, -0.186523, -0.0, -0.04182, -0.18852, 0.981178, 0.4, -0.997998, -0.038743, -0.049981, -0.0, 0.0, 0.0, 0.0, 1.0],
                [0.045546, -0.989458, -0.137467, 0.0, -0.033691, -0.139053, 0.989712, 0.4, -0.998394, -0.040446, -0.039669, -0.0, 0.0, 0.0, 0.0, 1.0],
                [0.040309, -0.929213, 0.367339, 0.0, 0.041739, 0.368883, 0.928538, 0.4, -0.998315, -0.022096, 0.053653, -0.0, 0.0, 0.0, 0.0, 1.0],
                [0.040309, -0.929213, 0.367339, -0.0, 0.041739, 0.368883, 0.928538, 0.4, -0.998315, -0.022096, 0.053653, 0.0, 0.0, 0.0, 0.0, 1.0]
            ]
        },
        {
            "name": "Arm_L",
            "time": [0.0, 0.3, 0.5833, 1.0167, 1.2, 1.55, 1.8333],
            "transform": [
                [-0.500407, 0.200124, 0.842344, -0.0, -0.753024, 0.37952, -0.537512, 0.39386, -0.427255, -0.90328, -0.039216, 0.0, 0.0, 0.0, 0.0, 1.0],
                [-0.061784, -0.242618, 0.968153, 0.0, -0.837698, 0.539965, 0.081855, 0.39386, -0.542628, -0.805962, -0.236602, -0.0, 0.0, 0.0, 0.0, 1.0],
                [-0.091201, -0.818842, 0.566728, -0.0, -0.991331, 0.128702, 0.026425, 0.39386, -0.094577, -0.559405, -0.823481, -0.0, 0.0, 0.0, 0.0, 1.0],
                [-0.152923, -0.828123, 0.539284, 0.0, -0.965359, 0.241922, 0.097751, 0.39386, -0.211414, -0.505654, -0.836432, -0.0, 0.0, 0.0, 0.0, 1.0],
                [-0.396681, -0.868569, 0.297038, -0.0, -0.739693, 0.110829, -0.663755, 0.39386, 0.543597, -0.483016, -0.686438, -0.0, 0.0, 0.0, 0.0, 1.0],
                [0.478447, -0.452234, 0.752711, 0.0, 0.747395, -0.240258, -0.619417, 0.39386, 0.460966, 0.85893, 0.223047, -0.0, 0.0, 0.0, 0.0, 1.0],
                [0.474017, -0.489769, 0.731733, 0.0, 0.749014, -0.212607, -0.627516, 0.39386, 0.46291, 0.845532, 0.266065, -0.0, 0.0, 0.0, 0.0, 1.0]
            ]
        },
        {
            "name": "Hand_L",
            "time": [0.0, 0.3, 0.5833, 1.0167, 1.2, 1.55, 1.8333],
            "transform": [
                [0.999993, -0.000878, -0.003694, -0.0, 0.000938, 0.999867, 0.016288, 0.3, 0.003679, -0.016291, 0.999861, -0.0, 0.0, 0.0, 0.0, 1.0],
                [0.999993, -0.002663, -0.002707, 0.0, 0.000938, 0.864068, -0.503374, 0.3, 0.003679, 0.503368, 0.864065, 0.0, 0.0, 0.0, 0.0, 1.0],
                [0.999993, -0.003033, -0.002284, 0.0, 0.000938, 0.780267, -0.625447, 0.3, 0.003679, 0.62544, 0.780264, 0.0, 0.0, 0.0, 0.0, 1.0],
                [0.999993, -0.002263, -0.003049, 0.0, 0.000938, 0.925335, -0.379149, 0.3, 0.003679, 0.379143, 0.925331, 0.0, 0.0, 0.0, 0.0, 1.0],
                [0.999993, -0.002298, -0.003022, -0.0, 0.000938, 0.92084, -0.389941, 0.3, 0.003679, 0.389935, 0.920835, 0.0, 0.0, 0.0, 0.0, 1.0],
                [0.999993, -0.002642, -0.002727, 0.0, 0.000938, 0.867913, -0.496716, 0.3, 0.003679, 0.49671, 0.867909, -0.0, 0.0, 0.0, 0.0, 1.0],
                [0.999993, -0.002642, -0.002727, -0.0, 0.000938, 0.867913, -0.496716, 0.3, 0.003679, 0.49671, 0.867909, 0.0, 0.0, 0.0, 0.0, 1.0]
            ]
        },
        {
            "name": "Tool_L",
            "time": [0.0, 0.5833, 1.0167, 1.2, 1.55, 1.8333],
            "transform": [
                [0.997004, 0.01104, -0.076554, 0.0, -0.036659, -0.804079, -0.593391, 0.272858, -0.068067, 0.594062, -0.8008, -0.0, 0.0, 0.0, 0.0, 1.0],
                [0.997004, 0.01104, -0.076554, -0.0, -0.036659, -0.804079, -0.593391, 0.272858, -0.068067, 0.594062, -0.8008, -0.0, 0.0, 0.0, 0.0, 1.0],
                [0.997004, 0.01104, -0.076554, -0.0, -0.036659, -0.804079, -0.593391, 0.272858, -0.068067, 0.594062, -0.8008, -0.0, 0.0, 0.0, 0.0, 1.0],
                [0.997004, 0.01104, -0.076554, 0.0, -0.036659, -0.804079, -0.593391, 0.272858, -0.068067, 0.594062, -0.8008, -0.0, 0.0, 0.0, 0.0, 1.0],
                [0.997004, 0.01104, -0.076554, 0.0, -0.036659, -0.804079, -0.593391, 0.272858, -0.068067, 0.594062, -0.8008, -0.0, 0.0, 0.0, 0.0, 1.0],
                [0.997004, 0.01104, -0.076554, 0.0, -0.036659, -0.804079, -0.593391, 0.272858, -0.068067, 0.594062, -0.8008, -0.0, 0.0, 0.0, 0.0, 1.0]
            ]
        },
        {
            "name": "Elbow_L",
            "time": [0.0, 0.5833, 1.0167, 1.2, 1.55, 1.8333],
            "transform": [
                [-1.0, 0.0, -0.0, 2.7e-05, 0.0, -0.0, -1.0, 0.334302, -0.0, -1.0, -0.0, -0.002121, 0.0, 0.0, 0.0, 1.0],
                [-1.0, 0.0, -0.0, 2.7e-05, 0.0, -0.057437, -0.998349, 0.334301, -0.0, -0.998349, 0.057437, -0.002121, 0.0, 0.0, 0.0, 1.0],
                [-1.0, 0.0, -0.0, 2.7e-05, 0.0, -0.057397, -0.998351, 0.334301, -0.0, -0.998352, 0.057397, -0.002121, 0.0, 0.0, 0.0, 1.0],
                [-1.0, 0.0, 0.0, 2.7e-05, -0.0, -0.052335, -0.99863, 0.334301, -0.0, -0.99863, 0.052335, -0.002121, 0.0, 0.0, 0.0, 1.0],
                [-1.0, 0.0, -0.0, 2.7e-05, 0.0, -0.0, -1.0, 0.334301, -0.0, -1.0, -0.0, -0.002121, 0.0, 0.0, 0.0, 1.0],
                [-1.0, 0.0, -0.0, 2.7e-05, 0.0, -0.0, -1.0, 0.334301, -0.0, -1.0, -0.0, -0.002121, 0.0, 0.0, 0.0, 1.0]
            ]
        }
    ]
}