{
    "animation": [
        {
            "name": "Root",
            "time": [0.0, 0.2833, 0.6, 0.9, 1.1, 1.4667, 1.7667],
            "transform": [
                [0.854339, 0.028643, -0.518927, -5e-06, -0.51914, 0.0, -0.854689, 0.000946, -0.024481, 0.99959, 0.01487, 0.753683, 0.0, 0.0, 0.0, 1.0],
                [0.825764, 0.139039, -0.546609, -0.019216, -0.519047, -0.19187, -0.832932, -0.009126, -0.220688, 0.971522, -0.086272, 0.508938, 0.0, 0.0, 0.0, 1.0],
                [0.83712, 0.038271, -0.545678, -0.036862, -0.452173, -0.51298, -0.729652, 0.01049, -0.307846, 0.857547, -0.412121, 0.05652, 0.0, 0.0, 0.0, 1.0],
                [0.949902, -0.052212, -0.308157, -0.020742, -0.171821, -0.910832, -0.375316, 0.012901, -0.261084, 0.409461, -0.874172, 0.086738, 0.0, 0.0, 0.0, 1.0],
                [0.974063, -0.041485, -0.22244, -0.014851, -0.099292, -0.961713, -0.255439, 0.013152, -0.203326, 0.2709, -0.940889, 0.097781, 0.0, 0.0, 0.0, 1.0],
                [0.999086, 0.031643, -0.028749, 1.8e-05, 0.031752, -0.99949, 0.003324, 0.013358, -0.028629, -0.004234, -0.999581, 0.125654, 0.0, 0.0, 0.0, 1.0],
                [0.999086, 0.031643, -0.028749, 1.8e-05, 0.031752, -0.99949, 0.003324, 0.013358, -0.028629, -0.004234, -0.999581, 0.125654, 0.0, 0.0, 0.0, 1.0]
            ]
        },
        {
            "name": "Thigh_R",
            "time": [0.0, 0.2833, 0.6, 0.9, 1.1, 1.4667, 1.7667],
            "transform": [
                [0.992811, 0.117851, -0.020883, 0.124994, 0.118536, -0.99232, 0.035348, -0.002831, -0.016557, -0.037569, -0.999157, -1.2e-05, 0.0, 0.0, 0.0, 1.0],
                [0.9023, -0.05862, -0.427104, 0.112145, 0.300437, -0.62501, 0.720486, 0.018148, -0.309179, -0.778412, -0.546336, -0.014694, 0.0, 0.0, 0.0, 1.0],
                [0.990685, -0.092363, -0.100061, 0.125366, 0.118017, 0.215773, 0.969286, 0.023447, -0.067936, -0.972065, 0.224663, -0.084057, 0.0, 0.0, 0.0, 1.0],
                [0.996909, -0.078066, 0.008836, 0.125203, -0.037974, -0.380344, 0.924065, 0.011961, -0.068777, -0.921544, -0.382134, -0.047321, 0.0, 0.0, 0.0, 1.0],
                [0.996123, -0.086582, 0.015571, 0.125144, -0.064255, -0.595203, 0.801003, 0.007764, -0.060084, -0.798897, -0.598459, -0.033897, 0.0, 0.0, 0.0, 1.0],
                [0.936729, 0.27274, -0.219435, 0.124994, 0.349957, -0.744555, 0.568478, -0.002831, -0.008335, -0.609302, -0.792895, -1.2e-05, 0.0, 0.0, 0.0, 1.0],
                [0.936013, 0.293409, -0.194401, 0.124994, 0.351895, -0.79129, 0.50003, -0.002831, -0.007114, -0.536442, -0.843907, -1.2e-05, 0.0, 0.0, 0.0, 1.0]
            ]
        },
        {
            "name": "Leg_R",
            "time": [0.0, 0.2833, 0.6, 0.9, 1.1, 1.4667, 1.7667],
            "transform": [
                [1.0, -0.0, 1e-06, 0.0, 0.0, 0.997612, 0.069073, 0.37472, -1e-06, -0.069073, 0.997611, -0.0, 0.0, 0.0, 0.0, 1.0],
                [1.0, -1e-06, -0.0, -0.0, 0.0, -0.081467, 0.996675, 0.37472, -1e-06, -0.996677, -0.081467, 0.0, 0.0, 0.0, 0.0, 1.0],
                [1.0, -1e-06, 0.0, -0.0, -0.0, -0.325775, 0.945447, 0.37472, -1e-06, -0.945448, -0.325775, -0.0, 0.0, 0.0, 0.0, 1.0],
                [1.0, -1e-06, 0.0, 0.0, -0.0, 0.150505, 0.988608, 0.37472, -1e-06, -0.98861, 0.150505, -0.0, 0.0, 0.0, 0.0, 1.0],
                [1.0, -1e-06, 0.0, -0.0, -0.0, 0.349688, 0.936866, 0.37472, -1e-06, -0.936867, 0.349687, 0.0, 0.0, 0.0, 0.0, 1.0],
                [1.0, -1e-06, -0.0, 0.0, -0.0, -0.320854, 0.947128, 0.37472, -1e-06, -0.947129, -0.320854, -0.0, 0.0, 0.0, 0.0, 1.0],
                [1.0, -1e-06, 0.0, 0.0, -0.0, -0.164628, 0.986355, 0.37472, -1e-06, -0.986357, -0.164628, 0.0, 0.0, 0.0, 0.0, 1.0]
            ]
        },
        {
            "name": "Knee_R",
            "time": [0.0, 0.2833, 0.6, 0.9, 1.1, 1.4667, 1.7667],
            "transform": [
                [1.0, 0.0, -0.0, 0.0, -0.0, 1e-06, -1.0, 0.37472, -0.0, 1.0, 1e-06, -0.0, 0.0, 0.0, 0.0, 1.0],
                [1.0, 0.0, -0.0, -0.0, -0.0, 0.284596, -0.958648, 0.37472, -0.0, 0.958648, 0.284596, 0.0, 0.0, 0.0, 0.0, 1.0],
                [1.0, 0.0, -0.0, -0.0, -0.0, 1e-06, -1.0, 0.37472, -0.0, 1.0, 1e-06, -0.0, 0.0, 0.0, 0.0, 1.0],
                [1.0, 0.0, -0.0, 0.0, -0.0, 1e-06, -1.0, 0.37472, -0.0, 1.0, 1e-06, -0.0, 0.0, 0.0, 0.0, 1.0],
                [1.0, 0.0, -0.0, -0.0, -0.0, 1e-06, -1.0, 0.37472, -0.0, 1.0, 1e-06, 0.0, 0.0, 0.0, 0.0, 1.0],
                [1.0, 0.0, -0.0, 0.0, -0.0, 0.261442, -0.965219, 0.37472, -0.0, 0.965219, 0.261442, -0.0, 0.0, 0.0, 0.0, 1.0],
                [1.0, 0.0, -0.0, 0.0, -0.0, 0.261442, -0.965219, 0.37472, -0.0, 0.965219, 0.261442, 0.0, 0.0, 0.0, 0.0, 1.0]
            ]
        },
        {
            "name": "Thigh_L",
            "time": [0.0, 0.6, 0.9, 1.1, 1.4667, 1.7667],
            "transform": [
                [0.869242, -0.120567, -0.479458, -0.125006, -0.021407, -0.978077, 0.207141, -0.002831, -0.493921, -0.169792, -0.852767, -1.2e-05, 0.0, 0.0, 0.0, 1.0],
                [0.724837, -0.67909, 0.115963, -0.125006, -0.00526, 0.162865, 0.986634, -0.002831, -0.688899, -0.71576, 0.114478, -1.2e-05, 0.0, 0.0, 0.0, 1.0],
                [0.973037, -0.201997, -0.111331, -0.13527, -0.046989, -0.646181, 0.761736, 0.00491, -0.225808, -0.735967, -0.63825, -0.018774, 0.0, 0.0, 0.0, 1.0],
                [0.934766, -0.352717, -0.04245, -0.13902, -0.266564, -0.775347, 0.57252, 0.007738, -0.234851, -0.523857, -0.81879, -0.02563, 0.0, 0.0, 0.0, 1.0],
                [0.71624, -0.400497, -0.571491, -0.158097, -0.305034, -0.916223, 0.259786, 0.013362, -0.627657, -0.011745, -0.778401, -1.9e-05, 0.0, 0.0, 0.0, 1.0],
                [0.749143, -0.312638, -0.583988, -0.158097, -0.216332, -0.948745, 0.230398, 0.013362, -0.626086, -0.046266, -0.778379, -1.9e-05, 0.0, 0.0, 0.0, 1.0]
            ]
        },
        {
            "name": "Leg_L",
            "time": [0.0, 0.2833, 0.6, 0.9, 1.1, 1.4667, 1.7667],
            "transform": [
                [0.998576, 0.053235, -0.003397, 0.0, -0.051599, 0.980122, 0.191569, 0.37472, 0.013527, -0.191121, 0.981474, 0.0, 0.0, 0.0, 0.0, 1.0],
                [0.998576, 0.031066, 0.043363, -0.0, -0.051599, 0.356403, 0.932907, 0.37472, 0.013527, -0.933815, 0.357498, -0.0, 0.0, 0.0, 0.0, 1.0],
                [0.998576, -0.003585, 0.053223, -0.0, -0.0516, -0.317925, 0.946711, 0.37472, 0.013527, -0.948109, -0.317658, 0.0, 0.0, 0.0, 0.0, 1.0],
                [0.998576, 0.024555, 0.047355, -0.0, -0.0516, 0.219529, 0.974241, 0.37472, 0.013527, -0.975297, 0.220483, 0.0, 0.0, 0.0, 0.0, 1.0],
                [0.998576, 0.033763, 0.041298, 0.0, -0.0516, 0.415055, 0.908332, 0.37472, 0.013527, -0.909169, 0.416207, -0.0, 0.0, 0.0, 0.0, 1.0],
                [0.998576, 0.053304, -0.00203, -0.0, -0.051599, 0.974884, 0.216654, 0.37472, 0.013527, -0.216241, 0.976247, 0.0, 0.0, 0.0, 0.0, 1.0],
                [0.998576, 0.053343, -4e-06, -0.0, -0.051599, 0.965952, 0.253524, 0.37472, 0.013527, -0.253163, 0.967329, 0.0, 0.0, 0.0, 0.0, 1.0]
            ]
        },
        {
            "name": "Knee_L",
            "time": [0.0, 0.6, 0.9, 1.1, 1.4667, 1.7667],
            "transform": [
                [1.0, 0.0, -0.0, 0.0, -0.0, 1e-06, -1.0, 0.37472, -0.0, 1.0, 1e-06, 0.0, 0.0, 0.0, 0.0, 1.0],
                [1.0, 0.0, -0.0, -0.0, -1e-06, 0.754007, -0.656866, 0.37472, -0.0, 0.656866, 0.754007, 0.0, 0.0, 0.0, 0.0, 1.0],
                [1.0, 0.0, -0.0, -0.0, -0.0, 0.463214, -0.886246, 0.37472, -0.0, 0.886246, 0.463214, 0.0, 0.0, 0.0, 0.0, 1.0],
                [1.0, 0.0, -0.0, 0.0, -0.0, 0.336444, -0.941704, 0.37472, -0.0, 0.941704, 0.336443, -0.0, 0.0, 0.0, 0.0, 1.0],
                [1.0, 0.0, -0.0, -0.0, -0.0, 1e-06, -1.0, 0.37472, -0.0, 1.0, 1e-06, 0.0, 0.0, 0.0, 0.0, 1.0],
                [1.0, 0.0, -0.0, -0.0, -0.0, 1e-06, -1.0, 0.37472, -0.0, 1.0, 1e-06, 0.0, 0.0, 0.0, 0.0, 1.0]
            ]
        },
        {
            "name": "Torso",
            "time": [0.0, 0.2833, 0.6, 0.9, 1.1, 1.4667, 1.7667],
            "transform": [
                [0.999042, -0.043673, -0.002705, 0.0, 0.04367, 0.999045, -0.001423, 0.05, 0.002765, 0.001304, 0.999995, -0.0, 0.0, 0.0, 0.0, 1.0],
                [0.986944, 0.132344, 0.091801, 0.0, -0.126885, 0.989917, -0.062974, 0.05, -0.099209, 0.050504, 0.993784, 0.0, 0.0, 0.0, 0.0, 1.0],
                [0.893002, -0.319684, 0.316781, 0.0, 0.115002, 0.842594, 0.526128, 0.05, -0.435112, -0.433403, 0.789202, -0.0, 0.0, 0.0, 0.0, 1.0],
                [0.962797, -0.184768, 0.197185, 0.0, 0.11097, 0.935686, 0.334929, 0.05, -0.246387, -0.300588, 0.92138, -0.0, 0.0, 0.0, 0.0, 1.0],
                [0.979643, -0.139868, 0.144002, -0.0, 0.098704, 0.96023, 0.261182, 0.05, -0.174806, -0.241652, 0.954488, 0.0, 0.0, 0.0, 0.0, 1.0],
                [0.999374, -0.034861, -0.005987, 0.0, 0.034309, 0.996544, -0.075648, 0.05, 0.008603, 0.075395, 0.997117, -0.0, 0.0, 0.0, 0.0, 1.0],
                [0.999042, -0.043659, -0.002924, 0.0, 0.04367, 0.99904, 0.003579, 0.05, 0.002765, -0.003704, 0.999989, -0.0, 0.0, 0.0, 0.0, 1.0]
            ]
        },
        {
            "name": "Chest",
            "time": [0.0, 0.2833, 0.6, 0.9, 1.1, 1.4667, 1.7667],
            "transform": [
                [0.999771, -0.021316, -0.002029, 0.0, 0.021411, 0.994316, 0.104295, 0.3, -0.000206, -0.104315, 0.994544, 0.0, 0.0, 0.0, 0.0, 1.0],
                [0.989799, 0.142432, -0.003366, 0.0, -0.140351, 0.978857, 0.148799, 0.3, 0.024489, -0.146809, 0.988862, 0.0, 0.0, 0.0, 0.0, 1.0],
                [0.999941, -0.009539, -0.005207, 0.0, 0.009915, 0.996916, 0.077843, 0.3, 0.004449, -0.07789, 0.996952, -0.0, 0.0, 0.0, 0.0, 1.0],
                [0.999808, -0.018524, -0.006395, -0.0, 0.019586, 0.955545, 0.294194, 0.3, 0.000661, -0.294263, 0.955724, -0.0, 0.0, 0.0, 0.0, 1.0],
                [0.999787, -0.019869, -0.005627, -0.0, 0.020651, 0.96307, 0.268459, 0.3, 8.5e-05, -0.268518, 0.963275, 0.0, 0.0, 0.0, 0.0, 1.0],
                [0.999771, -0.020969, -0.004333, -0.0, 0.021411, 0.977096, 0.211717, 0.3, -0.000206, -0.211761, 0.977322, 0.0, 0.0, 0.0, 0.0, 1.0],
                [0.999771, -0.021316, -0.002029, -0.0, 0.021411, 0.994316, 0.104295, 0.3, -0.000206, -0.104315, 0.994544, 0.0, 0.0, 0.0, 0.0, 1.0]
            ]
        },
        {
            "name": "Head",
            "time": [0.0, 0.2833, 0.6, 0.9, 1.1, 1.4667, 1.7667],
            "transform": [
                [0.85311, 0.037721, 0.520365, -0.0, -0.006297, 0.998055, -0.062025, 0.4, -0.521692, 0.049637, 0.851689, -0.0, 0.0, 0.0, 0.0, 1.0],
                [0.89208, -0.242928, 0.381023, 0.0, 0.158819, 0.957962, 0.238925, 0.4, -0.423047, -0.152627, 0.893161, 0.0, 0.0, 0.0, 0.0, 1.0],
                [0.995725, 0.037721, 0.084313, 0.0, -0.033349, 0.998055, -0.052674, 0.4, -0.086135, 0.049637, 0.995046, 0.0, 0.0, 0.0, 0.0, 1.0],
                [0.998209, 0.024327, 0.054664, -0.0, -0.037215, 0.967822, 0.248869, 0.4, -0.046851, -0.250458, 0.966993, -0.0, 0.0, 0.0, 0.0, 1.0],
                [0.99848, 0.020178, 0.05128, -0.0, -0.037146, 0.933816, 0.35582, 0.4, -0.040706, -0.357184, 0.933147, -0.0, 0.0, 0.0, 0.0, 1.0],
                [0.998948, 0.020749, 0.040897, 0.0, -0.033245, 0.941938, 0.334137, 0.4, -0.03159, -0.335145, 0.941637, 0.0, 0.0, 0.0, 0.0, 1.0],
                [0.998827, 0.019615, 0.044263, -0.0, -0.036148, 0.910324, 0.412316, 0.4, -0.032206, -0.413432, 0.909965, 0.0, 0.0, 0.0, 0.0, 1.0]
            ]
        },
        {
            "name": "Shoulder_R",
            "time": [0.0, 0.6, 0.9, 1.1, 1.4667, 1.7667],
            "transform": [
                [0.110305, 0.959352, 0.259762, -0.0, 0.091141, -0.270019, 0.958532, 0.4, 0.98971, -0.082056, -0.11722, -0.0, 0.0, 0.0, 0.0, 1.0],
                [0.047624, 0.919129, 0.391067, 0.0, 0.06647, -0.39356, 0.916893, 0.4, 0.996651, -0.017672, -0.079837, 0.0, 0.0, 0.0, 0.0, 1.0],
                [0.023909, 0.986677, 0.160924, -0.0, 0.07996, -0.162341, 0.983489, 0.4, 0.996511, -0.010647, -0.082776, -0.0, 0.0, 0.0, 0.0, 1.0],
                [0.018135, 0.997166, 0.073014, -0.0, 0.082714, -0.074272, 0.993802, 0.4, 0.996408, -0.011984, -0.083827, -0.0, 0.0, 0.0, 0.0, 1.0],
                [0.006683, 0.934903, 0.354841, 0.0, 0.086967, -0.354047, 0.931175, 0.4, 0.996189, 0.024636, -0.083672, 0.0, 0.0, 0.0, 0.0, 1.0],
                [0.006683, 0.934903, 0.354841, -0.0, 0.086967, -0.354047, 0.931175, 0.4, 0.996188, 0.024636, -0.083672, 0.0, 0.0, 0.0, 0.0, 1.0]
            ]
        },
        {
            "name": "Arm_R",
            "time": [0.0, 0.2833, 0.6, 0.9, 1.1, 1.2167, 1.4667, 1.7667],
            "transform": [
                [0.016005, 0.076948, -0.996907, -0.0, 0.894149, 0.445112, 0.048712, 0.393861, 0.447483, -0.892163, -0.061679, 0.0, 0.0, 0.0, 0.0, 1.0],
                [0.0022, 0.12584, -0.992048, 0.0, 0.669259, 0.736936, 0.094964, 0.39386, 0.743026, -0.664146, -0.082598, 0.0, 0.0, 0.0, 0.0, 1.0],
                [0.255947, -0.037607, -0.965959, -0.0, 0.773211, 0.607706, 0.181215, 0.393861, 0.580204, -0.793271, 0.184618, 0.0, 0.0, 0.0, 0.0, 1.0],
                [-0.048144, 0.821175, -0.568642, -0.0, 0.99867, 0.050076, -0.012238, 0.39386, 0.018425, -0.568475, -0.822494, -0.0, 0.0, 0.0, 0.0, 1.0],
                [-0.392587, 0.776822, -0.492364, -0.0, 0.918769, 0.306977, -0.248252, 0.39386, -0.041703, -0.549829, -0.834235, -0.0, 0.0, 0.0, 0.0, 1.0],
                [-0.858142, 0.477098, -0.189655, -0.0, 0.513219, 0.787012, -0.342373, 0.39386, -0.014085, -0.391139, -0.920224, -0.0, 0.0, 0.0, 0.0, 1.0],
                [-0.768486, -0.090693, -0.633407, 0.0, 0.342667, 0.77766, -0.527091, 0.393861, 0.540379, -0.62211, -0.566543, -0.0, 0.0, 0.0, 0.0, 1.0],
                [-0.761582, -0.074322, -0.643793, 0.0, 0.362223, 0.774929, -0.517956, 0.39386, 0.53739, -0.627663, -0.563251, 0.0, 0.0, 0.0, 0.0, 1.0]
            ]
        },
        {
            "name": "Hand_R",
            "time": [0.0, 0.6, 0.9, 1.1, 1.2167, 1.4667, 1.7667],
            "transform": [
                [0.999998, -0.000654, 0.001702, -0.0, 0.000868, 0.99162, -0.129185, 0.3, -0.001603, 0.129186, 0.991619, -0.0, 0.0, 0.0, 0.0, 1.0],
                [0.999998, -0.000843, 0.001617, -0.0, 0.000868, 0.999882, -0.015341, 0.3, -0.001603, 0.015342, 0.999881, -0.0, 0.0, 0.0, 0.0, 1.0],
                [0.999998, -0.000813, 0.001632, 0.0, 0.000868, 0.999423, -0.033945, 0.3, -0.001603, 0.033946, 0.999422, 0.0, 0.0, 0.0, 0.0, 1.0],
                [0.999998, 0.000747, 0.001667, -0.0, 0.000868, 0.608583, -0.79349, 0.3, -0.001608, 0.79349, 0.608581, 0.0, 0.0, 0.0, 0.0, 1.0],
                [0.999998, 0.001448, 0.001117, -0.0, 0.000868, 0.161465, -0.986878, 0.3, -0.001609, 0.986877, 0.161464, 0.0, 0.0, 0.0, 0.0, 1.0],
                [0.999998, -0.000747, 0.001663, 0.0, 0.000868, 0.997263, -0.073929, 0.3, -0.001603, 0.073931, 0.997262, -0.0, 0.0, 0.0, 0.0, 1.0],
                [0.999998, -0.000747, 0.001663, -0.0, 0.000868, 0.997263, -0.073929, 0.3, -0.001603, 0.073931, 0.997262, -0.0, 0.0, 0.0, 0.0, 1.0]
            ]
        },
        {
            "name": "Tool_R",
            "time": [0.0, 0.6, 0.9, 1.1, 1.4667, 1.7667],
            "transform": [
                [0.976086, -0.063799, 0.207812, 0.015054, -0.000916, -0.957162, -0.28955, 0.243316, 0.217254, 0.282258, -0.933781, 0.024459, 0.0, 0.0, 0.0, 1.0],
                [0.976086, -0.063799, 0.207811, 0.015054, -0.000916, -0.957162, -0.28955, 0.243316, 0.217254, 0.282258, -0.933781, 0.024459, 0.0, 0.0, 0.0, 1.0],
                [0.976086, -0.063799, 0.207812, 0.015054, -0.000916, -0.957162, -0.28955, 0.243316, 0.217254, 0.282258, -0.933781, 0.024459, 0.0, 0.0, 0.0, 1.0],
                [0.976086, -0.063799, 0.207812, 0.015054, -0.000916, -0.957162, -0.28955, 0.243316, 0.217254, 0.282258, -0.933781, 0.024459, 0.0, 0.0, 0.0, 1.0],
                [0.997613, -0.063759, -0.026525, 0.015054, -0.068653, -0.957165, -0.281285, 0.243316, -0.007451, 0.282257, -0.958693, 0.024459, 0.0, 0.0, 0.0, 1.0],
                [0.997613, -0.063759, -0.026525, 0.015054, -0.068653, -0.957165, -0.281285, 0.243316, -0.007451, 0.282257, -0.958693, 0.024459, 0.0, 0.0, 0.0, 1.0]
            ]
        },
        {
            "name": "Elbow_R",
            "time": [0.0, 0.6, 0.9, 1.1, 1.4667, 1.7667],
            "transform": [
                [-1.0, 0.0, 0.0, -0.0, 0.0, -0.0, -1.0, 0.341622, -0.0, -1.0, 0.0, -0.0, 0.0, 0.0, 0.0, 1.0],
                [-1.0, 0.0, -0.0, -0.0, 0.0, -0.0, -1.0, 0.341622, -0.0, -1.0, 0.0, -0.0, 0.0, 0.0, 0.0, 1.0],
                [-1.0, 0.0, -0.0, 0.0, 0.0, -0.0, -1.0, 0.341622, -0.0, -1.0, 0.0, 0.0, 0.0, 0.0, 0.0, 1.0],
                [-1.0, 0.0, -0.0, -0.0, 0.0, 0.0, -1.0, 0.341622, -0.0, -1.0, 0.0, 0.0, 0.0, 0.0, 0.0, 1.0],
                [-1.0, 0.0, 0.0, 0.0, 0.0, -0.0, -1.0, 0.341622, -0.0, -1.0, 0.0, -0.0, 0.0, 0.0, 0.0, 1.0],
                [-1.0, 0.0, 0.0, -0.0, 0.0, -0.0, -1.0, 0.341622, -0.0, -1.0, 0.0, -0.0, 0.0, 0.0, 0.0, 1.0]
            ]
        },
        {
            "name": "Shoulder_L",
            "time": [0.0, 0.6, 0.9, 1.1, 1.4667, 1.7667],
            "transform": [
                [-0.223566, -0.946611, -0.232262, -0.0, -0.022073, -0.233315, 0.972151, 0.4, -0.974439, 0.222466, 0.031267, -0.0, 0.0, 0.0, 0.0, 1.0],
                [-0.193474, -0.92002, -0.34078, 0.0, 0.012064, -0.349548, 0.936841, 0.4, -0.981031, 0.177144, 0.078728, 0.0, 0.0, 0.0, 0.0, 1.0],
                [0.032127, -0.986542, -0.160321, -0.0, -0.049407, -0.161776, 0.98559, 0.4, -0.998262, -0.023743, -0.053939, -0.0, 0.0, 0.0, 0.0, 1.0],
                [0.100426, -0.986079, 0.132525, -0.0, 0.044524, 0.137519, 0.989498, 0.4, -0.993948, -0.093471, 0.057714, -0.0, 0.0, 0.0, 0.0, 1.0],
                [0.019687, -0.924083, 0.381685, 0.0, 0.213759, 0.376822, 0.901284, 0.4, -0.976688, 0.063845, 0.204949, 0.0, 0.0, 0.0, 0.0, 1.0],
                [0.040309, -0.929213, 0.367339, -0.0, 0.041739, 0.368883, 0.928538, 0.4, -0.998315, -0.022096, 0.053653, 0.0, 0.0, 0.0, 0.0, 1.0]
            ]
        },
        {
            "name": "Arm_L",
            "time": [0.0, 0.2833, 0.6, 0.9, 1.4667, 1.7667],
            "transform": [
                [-0.500407, 0.200124, 0.842344, -0.0, -0.753024, 0.37952, -0.537512, 0.39386, -0.427255, -0.90328, -0.039216, 0.0, 0.0, 0.0, 0.0, 1.0],
                [-0.061784, -0.242618, 0.968153, -0.0, -0.837698, 0.539965, 0.081855, 0.39386, -0.542628, -0.805962, -0.236602, 0.0, 0.0, 0.0, 0.0, 1.0],
                [0.30926, 0.03519, 0.950326, 0.0, -0.837604, 0.483277, 0.254682, 0.39386, -0.450309, -0.874759, 0.178934, -0.0, 0.0, 0.0, 0.0, 1.0],
                [-0.091201, -0.818842, 0.566728, 0.0, -0.991331, 0.128702, 0.026425, 0.39386, -0.094577, -0.559405, -0.823481, 0.0, 0.0, 0.0, 0.0, 1.0],
                [0.484539, -0.485839, 0.727449, -0.0, 0.742522, -0.211222, -0.635647, 0.39386, 0.462475, 0.848142, 0.258401, -0.0, 0.0, 0.0, 0.0, 1.0],
                [0.474017, -0.489769, 0.731733, -0.0, 0.749014, -0.212607, -0.627516, 0.39386, 0.46291, 0.845532, 0.266065, 0.0, 0.0, 0.0, 0.0, 1.0]
            ]
        },
        {
            "name": "Hand_L",
            "time": [0.0, 0.2833, 0.6, 0.9, 1.1, 1.4667, 1.7667],
            "transform": [
                [0.999993, -0.000878, -0.003694, -0.0, 0.000938, 0.999867, 0.016288, 0.3, 0.003679, -0.016291, 0.999861, -0.0, 0.0, 0.0, 0.0, 1.0],
                [0.999993, -0.002663, -0.002707, -0.0, 0.000938, 0.864068, -0.503374, 0.3, 0.003679, 0.503368, 0.864065, 0.0, 0.0, 0.0, 0.0, 1.0],
                [0.999993, -0.000758, -0.00372, 0.0, 0.000938, 0.998819, 0.04859, 0.3, 0.003679, -0.048593, 0.998812, 0.0, 0.0, 0.0, 0.0, 1.0],
                [0.999993, -0.003033, -0.002284, -0.0, 0.000938, 0.780267, -0.625447, 0.3, 0.003679, 0.62544, 0.780264, 0.0, 0.0, 0.0, 0.0, 1.0],
                [0.999993, -0.001954, -0.003255, -0.0, 0.000938, 0.957958, -0.286908, 0.3, 0.003679, 0.286903, 0.957953, -0.0, 0.0, 0.0, 0.0, 1.0],
                [0.999993, -0.003292, -0.001893, -0.0, 0.000938, 0.697235, -0.716842, 0.3, 0.003679, 0.716835, 0.697233, -0.0, 0.0, 0.0, 0.0, 1.0],
                [0.999993, -0.003292, -0.001893, -0.0, 0.000938, 0.697235, -0.716842, 0.3, 0.003679, 0.716835, 0.697233, 0.0, 0.0, 0.0, 0.0, 1.0]
            ]
        },
        {
            "name": "Tool_L",
            "time": [0.0, 0.6, 0.9, 1.1, 1.4667, 1.7667],
            "transform": [
                [0.997004, 0.01104, -0.076554, 0.0, -0.036659, -0.804079, -0.593391, 0.272858, -0.068067, 0.594062, -0.8008, -0.0, 0.0, 0.0, 0.0, 1.0],
                [0.997004, 0.01104, -0.076554, 0.0, -0.036659, -0.804079, -0.593391, 0.272858, -0.068067, 0.594062, -0.8008, -0.0, 0.0, 0.0, 0.0, 1.0],
                [0.997004, 0.01104, -0.076554, 0.0, -0.036659, -0.804079, -0.593391, 0.272858, -0.068067, 0.594062, -0.8008, -0.0, 0.0, 0.0, 0.0, 1.0],
                [0.997004, 0.01104, -0.076554, 0.0, -0.036659, -0.804079, -0.593391, 0.272858, -0.068067, 0.594062, -0.8008, -0.0, 0.0, 0.0, 0.0, 1.0],
                [0.997004, 0.01104, -0.076554, 0.0, -0.036659, -0.804079, -0.593391, 0.272858, -0.068067, 0.594062, -0.8008, -0.0, 0.0, 0.0, 0.0, 1.0],
                [0.997004, 0.01104, -0.076554, -0.0, -0.036659, -0.804079, -0.593391, 0.272858, -0.068067, 0.594062, -0.8008, -0.0, 0.0, 0.0, 0.0, 1.0]
            ]
        },
        {
            "name": "Elbow_L",
            "time": [0.0, 0.6, 0.9, 1.1, 1.4667, 1.7667],
            "transform": [
                [-1.0, 0.0, -0.0, 2.7e-05, 0.0, -0.0, -1.0, 0.334302, -0.0, -1.0, -0.0, -0.002121, 0.0, 0.0, 0.0, 1.0],
                [-1.0, 0.0, -0.0, 2.7e-05, 0.0, -0.101913, -0.994793, 0.334302, -0.0, -0.994794, 0.101913, -0.002121, 0.0, 0.0, 0.0, 1.0],
                [-1.0, 0.0, 0.0, 2.7e-05, -0.0, -0.057437, -0.998349, 0.334301, -0.0, -0.998349, 0.057437, -0.00212, 0.0, 0.0, 0.0, 1.0],
                [-1.0, 0.0, -0.0, 2.7e-05, 0.0, -0.041147, -0.999153, 0.334301, -0.0, -0.999153, 0.041147, -0.002121, 0.0, 0.0, 0.0, 1.0],
                [-1.0, 0.0, -0.0, 2.7e-05, 0.0, -0.0, -1.0, 0.334302, -0.0, -1.0, 0.0, -0.002121, 0.0, 0.0, 0.0, 1.0],
                [-1.0, 0.0, 0.0, 2.7e-05, 0.0, -0.0, -1.0, 0.334302, -0.0, -1.0, -0.0, -0.002121, 0.0, 0.0, 0.0, 1.0]
            ]
        }
    ]
}