{
    "animation": [
        {
            "name": "Root",
            "time": [0.0, 0.2, 1.7667],
            "transform": [
                [0.854339, 0.028643, -0.518927, -5e-06, -0.51914, 0.0, -0.854689, 0.000946, -0.024481, 0.99959, 0.01487, 0.753683, 0.0, 0.0, 0.0, 1.0],
                [0.854339, 0.028643, -0.518927, -5e-06, -0.51914, 0.0, -0.854689, 0.000946, -0.024481, 0.99959, 0.01487, 0.753683, 0.0, 0.0, 0.0, 1.0],
                [0.854339, 0.028643, -0.518927, -5e-06, -0.51914, 0.0, -0.854689, 0.000946, -0.024481, 0.99959, 0.01487, 0.753683, 0.0, 0.0, 0.0, 1.0]
            ]
        },
        {
            "name": "Thigh_R",
            "time": [0.0, 0.2, 1.7667],
            "transform": [
                [0.992811, 0.117851, -0.020883, 0.124994, 0.118536, -0.99232, 0.035348, -0.002831, -0.016557, -0.037569, -0.999157, -1.2e-05, 0.0, 0.0, 0.0, 1.0],
                [0.992811, 0.117851, -0.020883, 0.124994, 0.118536, -0.99232, 0.035348, -0.002831, -0.016557, -0.037569, -0.999157, -1.2e-05, 0.0, 0.0, 0.0, 1.0],
                [0.992811, 0.117851, -0.020883, 0.124994, 0.118536, -0.99232, 0.035348, -0.002831, -0.016557, -0.037569, -0.999157, -1.2e-05, 0.0, 0.0, 0.0, 1.0]
            ]
        },
        {
            "name": "Leg_R",
            "time": [0.0, 0.2, 1.7667],
            "transform": [
                [1.0, -0.0, 1e-06, 0.0, 0.0, 0.997612, 0.069073, 0.37472, -1e-06, -0.069073, 0.997611, -0.0, 0.0, 0.0, 0.0, 1.0],
                [1.0, -0.0, 1e-06, 0.0, 0.0, 0.997612, 0.069073, 0.37472, -1e-06, -0.069073, 0.997611, -0.0, 0.0, 0.0, 0.0, 1.0],
                [1.0, -0.0, 1e-06, 0.0, 0.0, 0.997612, 0.069073, 0.37472, -1e-06, -0.069073, 0.997611, -0.0, 0.0, 0.0, 0.0, 1.0]
            ]
        },
        {
            "name": "Knee_R",
            "time": [0.0, 0.2, 1.7667],
            "transform": [
                [1.0, 0.0, -0.0, 0.0, -0.0, 1e-06, -1.0, 0.37472, -0.0, 1.0, 1e-06, -0.0, 0.0, 0.0, 0.0, 1.0],
                [1.0, 0.0, -0.0, 0.0, -0.0, 1e-06, -1.0, 0.37472, -0.0, 1.0, 1e-06, -0.0, 0.0, 0.0, 0.0, 1.0],
                [1.0, 0.0, -0.0, 0.0, -0.0, 1e-06, -1.0, 0.37472, -0.0, 1.0, 1e-06, -0.0, 0.0, 0.0, 0.0, 1.0]
            ]
        },
        {
            "name": "Thigh_L",
            "time": [0.0, 0.2, 1.7667],
            "transform": [
                [0.869242, -0.120567, -0.479458, -0.125006, -0.021407, -0.978077, 0.207141, -0.002831, -0.493921, -0.169792, -0.852767, -1.2e-05, 0.0, 0.0, 0.0, 1.0],
                [0.869242, -0.120567, -0.479458, -0.125006, -0.021407, -0.978077, 0.207141, -0.002831, -0.493921, -0.169792, -0.852767, -1.2e-05, 0.0, 0.0, 0.0, 1.0],
                [0.869242, -0.120567, -0.479458, -0.125006, -0.021407, -0.978077, 0.207141, -0.002831, -0.493921, -0.169792, -0.852767, -1.2e-05, 0.0, 0.0, 0.0, 1.0]
            ]
        },
        {
            "name": "Leg_L",
            "time": [0.0, 0.2, 1.7667],
            "transform": [
                [0.998576, 0.053235, -0.003397, 0.0, -0.051599, 0.980122, 0.191569, 0.37472, 0.013527, -0.191121, 0.981474, 0.0, 0.0, 0.0, 0.0, 1.0],
                [0.998576, 0.053235, -0.003397, 0.0, -0.051599, 0.980122, 0.191569, 0.37472, 0.013527, -0.191121, 0.981474, 0.0, 0.0, 0.0, 0.0, 1.0],
                [0.998576, 0.053235, -0.003397, 0.0, -0.051599, 0.980122, 0.191569, 0.37472, 0.013527, -0.191121, 0.981474, 0.0, 0.0, 0.0, 0.0, 1.0]
            ]
        },
        {
            "name": "Knee_L",
            "time": [0.0, 0.2, 1.7667],
            "transform": [
                [1.0, 0.0, -0.0, 0.0, -0.0, 1e-06, -1.0, 0.37472, -0.0, 1.0, 1e-06, 0.0, 0.0, 0.0, 0.0, 1.0],
                [1.0, 0.0, -0.0, 0.0, -0.0, 1e-06, -1.0, 0.37472, -0.0, 1.0, 1e-06, 0.0, 0.0, 0.0, 0.0, 1.0],
                [1.0, 0.0, -0.0, 0.0, -0.0, 1e-06, -1.0, 0.37472, -0.0, 1.0, 1e-06, 0.0, 0.0, 0.0, 0.0, 1.0]
            ]
        },
        {
            "name": "Torso",
            "time": [0.0, 0.2, 1.7667],
            "transform": [
                [0.999042, -0.043673, -0.002705, 0.0, 0.04367, 0.999045, -0.001423, 0.05, 0.002765, 0.001304, 0.999995, -0.0, 0.0, 0.0, 0.0, 1.0],
                [0.999042, -0.043673, -0.002705, 0.0, 0.04367, 0.999045, -0.001423, 0.05, 0.002765, 0.001304, 0.999995, -0.0, 0.0, 0.0, 0.0, 1.0],
                [0.999042, -0.043673, -0.002705, 0.0, 0.04367, 0.999045, -0.001423, 0.05, 0.002765, 0.001304, 0.999995, -0.0, 0.0, 0.0, 0.0, 1.0]
            ]
        },
        {
            "name": "Chest",
            "time": [0.0, 0.2, 0.65, 0.8833, 1.15, 1.45, 1.7667],
            "transform": [
                [0.999771, -0.021316, -0.002029, 0.0, 0.021411, 0.994316, 0.104295, 0.3, -0.000206, -0.104315, 0.994544, 0.0, 0.0, 0.0, 0.0, 1.0],
                [0.999771, -0.021152, -0.003327, 0.0, 0.021411, 0.986095, 0.164799, 0.3, -0.000206, -0.164833, 0.986322, 0.0, 0.0, 0.0, 0.0, 1.0],
                [0.999275, -0.021206, 0.031611, 0.0, 0.016276, 0.98874, 0.148752, 0.3, -0.03441, -0.14813, 0.988369, 0.0, 0.0, 0.0, 0.0, 1.0],
                [0.999728, -0.021055, -0.010024, 0.0, 0.0222, 0.990899, 0.132765, 0.3, 0.007138, -0.132952, 0.991097, 0.0, 0.0, 0.0, 0.0, 1.0],
                [0.996693, -0.022887, 0.077965, 0.0, 0.012133, 0.990676, 0.135699, 0.3, -0.080344, -0.134305, 0.987678, 0.0, 0.0, 0.0, 0.0, 1.0],
                [0.999728, -0.021055, -0.010024, 0.0, 0.0222, 0.990899, 0.132765, 0.3, 0.007138, -0.132952, 0.991097, 0.0, 0.0, 0.0, 0.0, 1.0],
                [0.999771, -0.021316, -0.002029, 0.0, 0.021411, 0.994316, 0.104295, 0.3, -0.000206, -0.104315, 0.994544, 0.0, 0.0, 0.0, 0.0, 1.0]
            ]
        },
        {
            "name": "Head",
            "time": [0.0, 0.2, 0.4167, 0.65, 0.8833, 1.15, 1.45, 1.7667],
            "transform": [
                [0.85311, 0.037721, 0.520365, -0.0, -0.006297, 0.998055, -0.062025, 0.4, -0.521692, 0.049637, 0.851689, -0.0, 0.0, 0.0, 0.0, 1.0],
                [0.853111, -0.073989, 0.516457, 0.0, -0.006297, 0.988361, 0.151996, 0.4, -0.521692, -0.132922, 0.842715, -0.0, 0.0, 0.0, 0.0, 1.0],
                [0.922611, -0.114524, 0.368338, 0.0, 0.018373, 0.966872, 0.2546, 0.4, -0.385293, -0.22813, 0.894151, -0.0, 0.0, 0.0, 0.0, 1.0],
                [0.693728, -0.099834, 0.713285, 0.0, -0.057619, 0.97948, 0.19313, 0.4, -0.717929, -0.175078, 0.67374, -0.0, 0.0, 0.0, 0.0, 1.0],
                [0.993403, -0.099834, 0.056422, -0.0, 0.08814, 0.97948, 0.181247, 0.4, -0.073359, -0.175078, 0.981818, -0.0, 0.0, 0.0, 0.0, 1.0],
                [0.64493, -0.099834, 0.757693, -0.0, -0.070292, 0.97948, 0.188887, 0.4, -0.761003, -0.175078, 0.624678, 0.0, 0.0, 0.0, 0.0, 1.0],
                [0.993403, -0.099834, 0.056422, -0.0, 0.08814, 0.97948, 0.181247, 0.4, -0.073359, -0.175078, 0.981818, -0.0, 0.0, 0.0, 0.0, 1.0],
                [0.85311, 0.037721, 0.520365, -0.0, -0.006297, 0.998055, -0.062025, 0.4, -0.521692, 0.049637, 0.851689, -0.0, 0.0, 0.0, 0.0, 1.0]
            ]
        },
        {
            "name": "Shoulder_R",
            "time": [0.0, 0.2, 1.7667],
            "transform": [
                [0.110305, 0.959352, 0.259762, -0.0, 0.091141, -0.270019, 0.958532, 0.4, 0.98971, -0.082056, -0.11722, -0.0, 0.0, 0.0, 0.0, 1.0],
                [0.110305, 0.959352, 0.259762, 0.0, 0.091141, -0.270019, 0.958532, 0.4, 0.98971, -0.082056, -0.11722, -0.0, 0.0, 0.0, 0.0, 1.0],
                [0.110305, 0.959352, 0.259762, -0.0, 0.091141, -0.270019, 0.958532, 0.4, 0.98971, -0.082056, -0.11722, -0.0, 0.0, 0.0, 0.0, 1.0]
            ]
        },
        {
            "name": "Arm_R",
            "time": [0.0, 0.2, 1.7667],
            "transform": [
                [0.016005, 0.076948, -0.996907, -0.0, 0.894149, 0.445112, 0.048712, 0.393861, 0.447483, -0.892163, -0.061679, 0.0, 0.0, 0.0, 0.0, 1.0],
                [-0.011225, 0.089703, -0.995905, 0.0, 0.913824, 0.405264, 0.026203, 0.39386, 0.405955, -0.909788, -0.086522, -0.0, 0.0, 0.0, 0.0, 1.0],
                [0.016005, -0.138374, -0.990251, -0.0, 0.894149, 0.445215, -0.047761, 0.393861, 0.447483, -0.884667, 0.130852, 0.0, 0.0, 0.0, 0.0, 1.0]
            ]
        },
        {
            "name": "Hand_R",
            "time": [0.0, 0.2, 1.7667],
            "transform": [
                [0.999998, -0.000654, 0.001702, -0.0, 0.000868, 0.99162, -0.129185, 0.3, -0.001603, 0.129186, 0.991619, -0.0, 0.0, 0.0, 0.0, 1.0],
                [0.999998, -0.000654, 0.001702, -0.0, 0.000868, 0.99162, -0.129185, 0.3, -0.001603, 0.129186, 0.991619, -0.0, 0.0, 0.0, 0.0, 1.0],
                [0.999998, -0.000836, 0.00162, 0.0, 0.000868, 0.999803, -0.019836, 0.3, -0.001603, 0.019837, 0.999802, 0.0, 0.0, 0.0, 0.0, 1.0]
            ]
        },
        {
            "name": "Tool_R",
            "time": [0.0, 0.2, 1.7667],
            "transform": [
                [0.976086, -0.063799, 0.207812, 0.015054, -0.000916, -0.957162, -0.28955, 0.243316, 0.217254, 0.282258, -0.933781, 0.024459, 0.0, 0.0, 0.0, 1.0],
                [0.976086, -0.063799, 0.207812, 0.015054, -0.000916, -0.957162, -0.28955, 0.243316, 0.217254, 0.282258, -0.933781, 0.024459, 0.0, 0.0, 0.0, 1.0],
                [0.976086, -0.063799, 0.207811, 0.015054, -0.000916, -0.957163, -0.28955, 0.243316, 0.217254, 0.282258, -0.933781, 0.024459, 0.0, 0.0, 0.0, 1.0]
            ]
        },
        {
            "name": "Elbow_R",
            "time": [0.0, 0.2, 1.7667],
            "transform": [
                [-1.0, 0.0, 0.0, -0.0, 0.0, -0.0, -1.0, 0.341622, -0.0, -1.0, 0.0, -0.0, 0.0, 0.0, 0.0, 1.0],
                [-1.0, 0.0, -0.0, -0.0, 0.0, -0.0, -1.0, 0.341622, -0.0, -1.0, -0.0, -0.0, 0.0, 0.0, 0.0, 1.0],
                [-1.0, 0.0, -0.0, -0.0, 0.0, -0.0, -1.0, 0.341622, -0.0, -1.0, 0.0, 0.0, 0.0, 0.0, 0.0, 1.0]
            ]
        },
        {
            "name": "Shoulder_L",
            "time": [0.0, 0.2, 1.7667],
            "transform": [
                [-0.223566, -0.946611, -0.232262, -0.0, -0.022073, -0.233315, 0.972151, 0.4, -0.974439, 0.222466, 0.031267, -0.0, 0.0, 0.0, 0.0, 1.0],
                [-0.223566, -0.946611, -0.232262, 0.0, -0.022073, -0.233315, 0.972151, 0.4, -0.974439, 0.222466, 0.031267, -0.0, 0.0, 0.0, 0.0, 1.0],
                [0.040309, -0.971817, -0.232262, -0.0, 0.041739, -0.230611, 0.972151, 0.4, -0.998315, -0.048881, 0.031267, -0.0, 0.0, 0.0, 0.0, 1.0]
            ]
        },
        {
            "name": "Arm_L",
            "time": [0.0, 0.2, 1.7667],
            "transform": [
                [-0.500407, 0.200124, 0.842344, -0.0, -0.753024, 0.37952, -0.537512, 0.39386, -0.427255, -0.90328, -0.039216, 0.0, 0.0, 0.0, 0.0, 1.0],
                [-0.515136, 0.137244, 0.846049, -0.0, -0.766703, 0.367469, -0.526434, 0.39386, -0.383147, -0.919853, -0.084071, -0.0, 0.0, 0.0, 0.0, 1.0],
                [-0.47364, -0.022434, 0.880433, 0.0, -0.784843, 0.464334, -0.410385, 0.39386, -0.399608, -0.885376, -0.237535, -0.0, 0.0, 0.0, 0.0, 1.0]
            ]
        },
        {
            "name": "Hand_L",
            "time": [0.0, 0.2, 1.7667],
            "transform": [
                [0.999993, -0.000878, -0.003694, -0.0, 0.000938, 0.999867, 0.016288, 0.3, 0.003679, -0.016291, 0.999861, -0.0, 0.0, 0.0, 0.0, 1.0],
                [0.999993, -0.001201, -0.003602, 0.0, 0.000938, 0.997391, -0.072184, 0.3, 0.003679, 0.07218, 0.997385, -0.0, 0.0, 0.0, 0.0, 1.0],
                [0.999993, -0.000878, -0.003694, 0.0, 0.000938, 0.999867, 0.016288, 0.3, 0.003679, -0.016291, 0.999861, -0.0, 0.0, 0.0, 0.0, 1.0]
            ]
        },
        {
            "name": "Tool_L",
            "time": [0.0, 0.2, 1.7667],
            "transform": [
                [0.997004, 0.01104, -0.076554, 0.0, -0.036659, -0.804079, -0.593391, 0.272858, -0.068067, 0.594062, -0.8008, -0.0, 0.0, 0.0, 0.0, 1.0],
                [0.997004, 0.01104, -0.076554, -0.0, -0.036659, -0.804079, -0.593391, 0.272858, -0.068067, 0.594062, -0.8008, -0.0, 0.0, 0.0, 0.0, 1.0],
                [0.997004, 0.01104, -0.076554, 0.0, -0.036659, -0.804079, -0.593391, 0.272858, -0.068067, 0.594062, -0.8008, -0.0, 0.0, 0.0, 0.0, 1.0]
            ]
        },
        {
            "name": "Elbow_L",
            "time": [0.0, 0.2, 1.7667],
            "transform": [
                [-1.0, 0.0, -0.0, 2.7e-05, 0.0, -0.0, -1.0, 0.334302, -0.0, -1.0, -0.0, -0.002121, 0.0, 0.0, 0.0, 1.0],
                [-1.0, 0.0, -0.0, 2.7e-05, 0.0, -0.0, -1.0, 0.334302, -0.0, -1.0, -0.0, -0.002121, 0.0, 0.0, 0.0, 1.0],
                [-1.0, 0.0, -0.0, 2.7e-05, 0.0, -0.0, -1.0, 0.334302, -0.0, -1.0, -0.0, -0.002121, 0.0, 0.0, 0.0, 1.0]
            ]
        }
    ]
}