{
    "animation": [
        {
            "name": "Root",
            "time": [0.0, 0.2167, 0.3167, 0.4667],
            "transform": [
                [0.854339, 0.028643, -0.518927, -5e-06, -0.51914, 0.0, -0.854689, 0.000946, -0.024481, 0.99959, 0.01487, 0.753683, 0.0, 0.0, 0.0, 1.0],
                [0.755944, 0.023147, -0.654227, -0.00849, -0.654561, 0.01158, -0.75592, -0.039762, -0.009922, 0.999665, 0.023905, 0.735654, 0.0, 0.0, 0.0, 1.0],
                [0.755944, 0.023147, -0.654227, -0.00849, -0.654561, 0.01158, -0.75592, -0.039762, -0.009922, 0.999665, 0.023905, 0.735654, 0.0, 0.0, 0.0, 1.0],
                [0.755944, 0.023147, -0.654227, -0.00849, -0.654561, 0.01158, -0.75592, -0.039762, -0.009922, 0.999665, 0.023905, 0.735654, 0.0, 0.0, 0.0, 1.0]
            ]
        },
        {
            "name": "Thigh_R",
            "time": [0.0, 0.2167, 0.3167, 0.4667],
            "transform": [
                [0.992811, 0.117851, -0.020883, 0.124994, 0.118536, -0.99232, 0.035348, -0.002831, -0.016557, -0.037569, -0.999157, -1.2e-05, 0.0, 0.0, 0.0, 1.0],
                [0.979405, 0.200762, -0.021425, 0.106376, 0.201621, -0.97812, 0.051282, 0.02949, -0.010661, -0.054545, -0.998455, -0.021421, 0.0, 0.0, 0.0, 1.0],
                [0.976522, 0.214608, -0.018649, 0.107745, 0.215214, -0.975695, 0.041264, 0.027114, -0.00934, -0.044309, -0.998975, -0.019847, 0.0, 0.0, 0.0, 1.0],
                [0.964472, 0.263886, 0.012553, 0.124994, 0.263992, -0.960865, -0.083942, -0.002831, -0.010089, 0.084274, -0.996392, -1.2e-05, 0.0, 0.0, 0.0, 1.0]
            ]
        },
        {
            "name": "Leg_R",
            "time": [0.0, 0.2167, 0.3167, 0.4667],
            "transform": [
                [1.0, -0.0, 1e-06, 0.0, 0.0, 0.997612, 0.069073, 0.37472, -1e-06, -0.069073, 0.997611, -0.0, 0.0, 0.0, 0.0, 1.0],
                [1.0, -0.0, 1e-06, 0.0, 0.0, 0.939715, 0.341961, 0.37472, -1e-06, -0.341962, 0.939713, 0.0, 0.0, 0.0, 0.0, 1.0],
                [1.0, -0.0, 1e-06, 0.0, 0.0, 0.946533, 0.322608, 0.37472, -1e-06, -0.322609, 0.946532, 0.0, 0.0, 0.0, 0.0, 1.0],
                [1.0, -0.0, 1e-06, 0.0, 0.0, 0.997612, 0.069073, 0.37472, -1e-06, -0.069073, 0.997611, -0.0, 0.0, 0.0, 0.0, 1.0]
            ]
        },
        {
            "name": "Knee_R",
            "time": [0.0, 0.2167, 0.3167, 0.4667],
            "transform": [
                [1.0, 0.0, -0.0, 0.0, -0.0, 1e-06, -1.0, 0.37472, -0.0, 1.0, 1e-06, -0.0, 0.0, 0.0, 0.0, 1.0],
                [1.0, 0.0, -0.0, 0.0, -0.0, 1e-06, -1.0, 0.37472, -0.0, 1.0, 1e-06, 0.0, 0.0, 0.0, 0.0, 1.0],
                [1.0, 0.0, -0.0, 0.0, -0.0, 1e-06, -1.0, 0.37472, -0.0, 1.0, 1e-06, 0.0, 0.0, 0.0, 0.0, 1.0],
                [1.0, 0.0, -0.0, 0.0, -0.0, 1e-06, -1.0, 0.37472, -0.0, 1.0, 1e-06, -0.0, 0.0, 0.0, 0.0, 1.0]
            ]
        },
        {
            "name": "Thigh_L",
            "time": [0.0, 0.2167, 0.3167, 0.4667],
            "transform": [
                [0.869242, -0.120567, -0.479458, -0.125006, -0.021407, -0.978077, 0.207141, -0.002831, -0.493921, -0.169792, -0.852767, -1.2e-05, 0.0, 0.0, 0.0, 1.0],
                [0.860994, -0.202923, -0.466381, -0.135146, -0.092748, -0.964229, 0.248313, 0.020572, -0.500086, -0.170539, -0.849016, -0.013422, 0.0, 0.0, 0.0, 1.0],
                [0.859062, -0.216352, -0.463899, -0.136814, -0.104409, -0.961294, 0.254976, 0.024421, -0.501108, -0.170605, -0.848401, -0.015628, 0.0, 0.0, 0.0, 1.0],
                [0.850728, -0.264592, -0.45415, -0.142855, -0.146367, -0.949132, 0.278792, 0.038363, -0.504815, -0.170703, -0.846181, -0.023617, 0.0, 0.0, 0.0, 1.0]
            ]
        },
        {
            "name": "Leg_L",
            "time": [0.0, 0.2167, 0.3167, 0.4667],
            "transform": [
                [0.998576, 0.053235, -0.003397, 0.0, -0.051599, 0.980122, 0.191569, 0.37472, 0.013527, -0.191121, 0.981474, 0.0, 0.0, 0.0, 0.0, 1.0],
                [0.998576, 0.053235, -0.003397, -0.0, -0.051599, 0.980121, 0.191569, 0.37472, 0.013527, -0.191121, 0.981474, -0.0, 0.0, 0.0, 0.0, 1.0],
                [0.998576, 0.053235, -0.003397, 0.0, -0.051599, 0.980121, 0.191569, 0.37472, 0.013527, -0.191121, 0.981474, 0.0, 0.0, 0.0, 0.0, 1.0],
                [0.998576, 0.053235, -0.003397, 0.0, -0.051599, 0.980121, 0.191569, 0.37472, 0.013527, -0.191121, 0.981474, 0.0, 0.0, 0.0, 0.0, 1.0]
            ]
        },
        {
            "name": "Knee_L",
            "time": [0.0, 0.2167, 0.3167, 0.4667],
            "transform": [
                [1.0, 0.0, -0.0, 0.0, -0.0, 1e-06, -1.0, 0.37472, -0.0, 1.0, 1e-06, 0.0, 0.0, 0.0, 0.0, 1.0],
                [1.0, 0.0, -0.0, -0.0, -0.0, 1e-06, -1.0, 0.37472, -0.0, 1.0, 1e-06, -0.0, 0.0, 0.0, 0.0, 1.0],
                [1.0, 0.0, -0.0, 0.0, -0.0, 1e-06, -1.0, 0.37472, -0.0, 1.0, 1e-06, 0.0, 0.0, 0.0, 0.0, 1.0],
                [1.0, 0.0, -0.0, 0.0, -0.0, 1e-06, -1.0, 0.37472, -0.0, 1.0, 1e-06, 0.0, 0.0, 0.0, 0.0, 1.0]
            ]
        },
        {
            "name": "Torso",
            "time": [0.0, 0.2167, 0.3167, 0.4667],
            "transform": [
                [0.999042, -0.043673, -0.002705, 0.0, 0.04367, 0.999045, -0.001423, 0.05, 0.002765, 0.001304, 0.999995, -0.0, 0.0, 0.0, 0.0, 1.0],
                [0.995773, -0.043673, 0.080806, -0.0, 0.043636, 0.999045, 0.002232, 0.05, -0.080826, 0.001304, 0.996727, -0.0, 0.0, 0.0, 0.0, 1.0],
                [0.994566, -0.043673, 0.094508, -0.0, 0.043601, 0.999045, 0.002832, 0.05, -0.094542, 0.001304, 0.99552, -0.0, 0.0, 0.0, 0.0, 1.0],
                [0.988623, -0.043673, 0.143938, -0.0, 0.043406, 0.999045, 0.005001, 0.05, -0.144019, 0.001304, 0.989574, -0.0, 0.0, 0.0, 0.0, 1.0]
            ]
        },
        {
            "name": "Chest",
            "time": [0.0, 0.2167, 0.3167, 0.4667],
            "transform": [
                [0.999771, -0.021316, -0.002029, 0.0, 0.021411, 0.994316, 0.104295, 0.3, -0.000206, -0.104315, 0.994544, 0.0, 0.0, 0.0, 0.0, 1.0],
                [0.876756, 0.055565, 0.477715, 0.0, -0.033702, 0.99796, -0.054223, 0.3, -0.479753, 0.03144, 0.87684, 0.0, 0.0, 0.0, 0.0, 1.0],
                [0.879107, 0.065556, 0.472095, 0.0, -0.044275, 0.997445, -0.056062, 0.3, -0.474564, 0.028382, 0.879763, 0.0, 0.0, 0.0, 0.0, 1.0],
                [0.909625, 0.098439, 0.403599, 0.0, -0.083775, 0.995027, -0.05388, 0.3, -0.406895, 0.015199, 0.913348, 0.0, 0.0, 0.0, 0.0, 1.0]
            ]
        },
        {
            "name": "Head",
            "time": [0.0, 0.2167, 0.3167, 0.4667],
            "transform": [
                [0.85311, 0.037721, 0.520365, -0.0, -0.006297, 0.998055, -0.062025, 0.4, -0.521692, 0.049637, 0.851689, -0.0, 0.0, 0.0, 0.0, 1.0],
                [0.996957, -0.008748, 0.077457, -0.0, 0.010127, 0.999797, -0.017425, 0.4, -0.077289, 0.018156, 0.996843, -0.0, 0.0, 0.0, 0.0, 1.0],
                [0.99572, -0.014921, 0.091209, 0.0, 0.015902, 0.999823, -0.010032, 0.4, -0.091043, 0.01144, 0.995781, 0.0, 0.0, 0.0, 0.0, 1.0],
                [0.964363, -0.040335, 0.26149, 0.0, 0.036163, 0.99913, 0.020751, 0.4, -0.2621, -0.010555, 0.964983, 0.0, 0.0, 0.0, 0.0, 1.0]
            ]
        },
        {
            "name": "Shoulder_R",
            "time": [0.0, 0.2167, 0.3167, 0.4667],
            "transform": [
                [0.110305, 0.959352, 0.259762, -0.0, 0.091141, -0.270019, 0.958532, 0.4, 0.98971, -0.082056, -0.11722, -0.0, 0.0, 0.0, 0.0, 1.0],
                [-0.114175, 0.942998, 0.3126, -0.0, 0.169639, -0.291531, 0.941399, 0.4, 0.97887, 0.160514, -0.126683, -0.0, 0.0, 0.0, 0.0, 1.0],
                [-0.150482, 0.934905, 0.321415, 0.0, 0.182959, -0.293165, 0.938392, 0.4, 0.971535, 0.200017, -0.126933, 0.0, 0.0, 0.0, 0.0, 1.0],
                [-0.277883, 0.893407, 0.352994, 0.0, 0.231203, -0.294462, 0.927274, 0.4, 0.932376, 0.339287, -0.124733, 0.0, 0.0, 0.0, 0.0, 1.0]
            ]
        },
        {
            "name": "Arm_R",
            "time": [0.0, 0.2167, 0.3167, 0.4667],
            "transform": [
                [0.016005, -0.138374, -0.990251, -0.0, 0.894149, 0.445215, -0.047761, 0.393861, 0.447483, -0.884667, 0.130852, 0.0, 0.0, 0.0, 0.0, 1.0],
                [0.005505, -0.057424, -0.998335, -0.0, 0.85948, 0.510576, -0.024629, 0.393861, 0.51114, -0.857913, 0.052166, 0.0, 0.0, 0.0, 0.0, 1.0],
                [0.003214, -0.044131, -0.99902, -0.0, 0.853376, 0.520902, -0.020265, 0.39386, 0.521286, -0.852475, 0.039335, 0.0, 0.0, 0.0, 0.0, 1.0],
                [-0.006382, 0.003769, -0.999972, 0.0, 0.830409, 0.557145, -0.0032, 0.39386, 0.557118, -0.830407, -0.006686, -0.0, 0.0, 0.0, 0.0, 1.0]
            ]
        },
        {
            "name": "Hand_R",
            "time": [0.0, 0.2167, 0.3167, 0.4667],
            "transform": [
                [0.999998, -0.000836, 0.00162, 0.0, 0.000868, 0.999803, -0.019836, 0.3, -0.001603, 0.019837, 0.999802, 0.0, 0.0, 0.0, 0.0, 1.0],
                [0.999998, -0.000836, 0.00162, -0.0, 0.000868, 0.999803, -0.019836, 0.3, -0.001603, 0.019837, 0.999802, 0.0, 0.0, 0.0, 0.0, 1.0],
                [0.999998, -0.000836, 0.00162, 0.0, 0.000868, 0.999803, -0.019836, 0.3, -0.001603, 0.019837, 0.999802, -0.0, 0.0, 0.0, 0.0, 1.0],
                [0.999998, -0.000836, 0.00162, 0.0, 0.000868, 0.999803, -0.019836, 0.3, -0.001603, 0.019837, 0.999802, -0.0, 0.0, 0.0, 0.0, 1.0]
            ]
        },
        {
            "name": "Tool_R",
            "time": [0.0, 0.2167, 0.3167, 0.4667],
            "transform": [
                [0.976086, -0.063799, 0.207811, 0.015054, -0.000916, -0.957163, -0.28955, 0.243316, 0.217254, 0.282258, -0.933781, 0.024459, 0.0, 0.0, 0.0, 1.0],
                [0.976086, -0.063799, 0.207812, 0.015054, -0.000916, -0.957162, -0.28955, 0.243316, 0.217254, 0.282258, -0.933781, 0.024459, 0.0, 0.0, 0.0, 1.0],
                [0.976086, -0.063799, 0.207811, 0.015054, -0.000916, -0.957162, -0.28955, 0.243316, 0.217254, 0.282258, -0.933781, 0.024459, 0.0, 0.0, 0.0, 1.0],
                [0.976086, -0.063799, 0.207811, 0.015054, -0.000916, -0.957162, -0.28955, 0.243316, 0.217254, 0.282258, -0.933781, 0.024459, 0.0, 0.0, 0.0, 1.0]
            ]
        },
        {
            "name": "Elbow_R",
            "time": [0.0, 0.2167, 0.3167, 0.4667],
            "transform": [
                [-1.0, 0.0, -0.0, -0.0, 0.0, -0.0, -1.0, 0.341622, -0.0, -1.0, 0.0, 0.0, 0.0, 0.0, 0.0, 1.0],
                [-1.0, 0.0, 0.0, -0.0, 0.0, -0.0, -1.0, 0.341622, -0.0, -1.0, 0.0, 0.0, 0.0, 0.0, 0.0, 1.0],
                [-1.0, 0.0, -0.0, -0.0, 0.0, -0.0, -1.0, 0.341622, -0.0, -1.0, 0.0, -0.0, 0.0, 0.0, 0.0, 1.0],
                [-1.0, 0.0, -0.0, 0.0, 0.0, -0.0, -1.0, 0.341622, -0.0, -1.0, 0.0, -0.0, 0.0, 0.0, 0.0, 1.0]
            ]
        },
        {
            "name": "Shoulder_L",
            "time": [0.0, 0.2167, 0.3167, 0.4667],
            "transform": [
                [0.040309, -0.971817, -0.232262, -0.0, 0.041739, -0.230611, 0.972151, 0.4, -0.998315, -0.048881, 0.031267, -0.0, 0.0, 0.0, 0.0, 1.0],
                [-0.095756, -0.936839, -0.336398, -0.0, 0.015093, -0.339279, 0.940565, 0.4, -0.99529, 0.084987, 0.046627, -0.0, 0.0, 0.0, 0.0, 1.0],
                [-0.117749, -0.928206, -0.352942, 0.0, 0.00924, -0.356424, 0.934279, 0.4, -0.993, 0.10675, 0.050545, 0.0, 0.0, 0.0, 0.0, 1.0],
                [-0.195656, -0.89046, -0.410851, 0.0, -0.015208, -0.416142, 0.909172, 0.4, -0.980554, 0.184133, 0.067878, 0.0, 0.0, 0.0, 0.0, 1.0]
            ]
        },
        {
            "name": "Arm_L",
            "time": [0.0, 0.2167, 0.3167, 0.4667],
            "transform": [
                [-0.47364, -0.022434, 0.880433, 0.0, -0.784843, 0.464334, -0.410385, 0.39386, -0.399608, -0.885376, -0.237535, -0.0, 0.0, 0.0, 0.0, 1.0],
                [-0.325409, 0.915347, 0.237166, 0.0, 0.071022, 0.273769, -0.95917, 0.39386, -0.942902, -0.295278, -0.154097, 0.0, 0.0, 0.0, 0.0, 1.0],
                [-0.264383, 0.955646, 0.129779, -0.0, 0.15097, 0.173918, -0.973119, 0.39386, -0.952528, -0.237683, -0.190255, -0.0, 0.0, 0.0, 0.0, 1.0],
                [-0.173922, 0.974915, -0.138894, 0.0, 0.313375, -0.078919, -0.946344, 0.39386, -0.933567, -0.208116, -0.291788, -0.0, 0.0, 0.0, 0.0, 1.0]
            ]
        },
        {
            "name": "Hand_L",
            "time": [0.0, 0.2167, 0.3167, 0.4, 0.4667],
            "transform": [
                [0.999993, -0.000878, -0.003694, 0.0, 0.000938, 0.999867, 0.016288, 0.3, 0.003679, -0.016291, 0.999861, -0.0, 0.0, 0.0, 0.0, 1.0],
                [0.999993, -0.002059, -0.00319, 0.0, 0.000938, 0.948106, -0.317955, 0.3, 0.003679, 0.31795, 0.948101, -0.0, 0.0, 0.0, 0.0, 1.0],
                [0.999993, -0.002873, -0.002482, -0.0, 0.000938, 0.820491, -0.571659, 0.3, 0.003679, 0.571653, 0.820488, 0.0, 0.0, 0.0, 0.0, 1.0],
                [0.999993, -0.003771, 0.000438, 0.0, 0.000938, 0.133662, -0.991027, 0.3, 0.003679, 0.99102, 0.133665, -0.0, 0.0, 0.0, 0.0, 1.0],
                [0.999993, -0.003797, 4.1e-05, -0.0, 0.000938, 0.236611, -0.971604, 0.3, 0.003679, 0.971597, 0.236613, 0.0, 0.0, 0.0, 0.0, 1.0]
            ]
        },
        {
            "name": "Tool_L",
            "time": [0.0, 0.2167, 0.3167, 0.4667],
            "transform": [
                [0.997004, 0.01104, -0.076554, 0.0, -0.036659, -0.804079, -0.593391, 0.272858, -0.068067, 0.594062, -0.8008, -0.0, 0.0, 0.0, 0.0, 1.0],
                [0.997004, 0.01104, -0.076554, 0.0, -0.036659, -0.804079, -0.593391, 0.272858, -0.068067, 0.594062, -0.8008, -0.0, 0.0, 0.0, 0.0, 1.0],
                [0.997004, 0.01104, -0.076554, 0.0, -0.036659, -0.804079, -0.593391, 0.272858, -0.068067, 0.594062, -0.8008, -0.0, 0.0, 0.0, 0.0, 1.0],
                [0.997004, 0.01104, -0.076554, -0.0, -0.036659, -0.804079, -0.593391, 0.272858, -0.068067, 0.594062, -0.8008, -0.0, 0.0, 0.0, 0.0, 1.0]
            ]
        },
        {
            "name": "Elbow_L",
            "time": [0.0, 0.2167, 0.3167, 0.4667],
            "transform": [
                [-1.0, 0.0, -0.0, 2.7e-05, 0.0, -0.0, -1.0, 0.334302, -0.0, -1.0, -0.0, -0.002121, 0.0, 0.0, 0.0, 1.0],
                [-1.0, 0.0, 0.0, 2.7e-05, 0.0, 0.336145, -0.94181, 0.334302, -0.0, -0.94181, -0.336145, -0.002121, 0.0, 0.0, 0.0, 1.0],
                [-1.0, 0.0, 0.0, 2.7e-05, 0.0, 0.388975, -0.921248, 0.334301, -0.0, -0.921248, -0.388975, -0.002121, 0.0, 0.0, 0.0, 1.0],
                [-1.0, 0.0, 0.0, 2.7e-05, 0.0, 0.567032, -0.823696, 0.334301, -0.0, -0.823696, -0.567032, -0.002121, 0.0, 0.0, 0.0, 1.0]
            ]
        }
    ]
}