{
    "animation": [
        {
            "name": "Root",
            "time": [0.0, 0.15, 0.2, 0.3667, 0.4667],
            "transform": [
                [0.854339, 0.028643, -0.518927, -5e-06, -0.51914, 0.0, -0.854689, 0.000946, -0.024481, 0.99959, 0.01487, 0.753683, 0.0, 0.0, 0.0, 1.0],
                [0.859271, 0.023782, -0.510968, 0.001327, -0.511421, 0.020212, -0.859093, -0.007082, -0.010103, 0.999513, 0.02953, 0.724519, 0.0, 0.0, 0.0, 1.0],
                [0.878925, 0.013133, -0.476779, 0.005372, -0.47666, 0.059618, -0.877064, -0.022717, 0.016906, 0.998135, 0.05866, 0.667722, 0.0, 0.0, 0.0, 1.0],
                [0.946051, 0.039805, -0.321562, 0.012663, -0.319948, -0.042016, -0.946503, 0.07269, -0.051186, 0.998324, -0.027013, 0.768256, 0.0, 0.0, 0.0, 1.0],
                [0.948241, 0.028643, -0.316257, 0.008409, -0.316387, -0.0, -0.94863, 0.071543, -0.027172, 0.99959, 0.009062, 0.733457, 0.0, 0.0, 0.0, 1.0]
            ]
        },
        {
            "name": "Thigh_R",
            "time": [0.0, 0.15, 0.2, 0.3667, 0.4667],
            "transform": [
                [0.992811, 0.117851, -0.020883, 0.124994, 0.118536, -0.99232, 0.035348, -0.002831, -0.016557, -0.037569, -0.999157, -1.2e-05, 0.0, 0.0, 0.0, 1.0],
                [0.983047, 0.181861, -0.023319, 0.125453, 0.182728, -0.982223, 0.042987, -0.003297, -0.015086, -0.046519, -0.998804, 0.000813, 0.0, 0.0, 0.0, 1.0],
                [0.952117, 0.304075, -0.031808, 0.127302, 0.305462, -0.950498, 0.056974, -0.005171, -0.012909, -0.063962, -0.997869, 0.00413, 0.0, 0.0, 0.0, 1.0],
                [0.97514, 0.219105, -0.033078, 0.134548, 0.214635, -0.971059, -0.104766, -0.01252, -0.055076, 0.095062, -0.993947, 0.017137, 0.0, 0.0, 0.0, 1.0],
                [0.97514, 0.219105, -0.033078, 0.134548, 0.214635, -0.971059, -0.104766, -0.01252, -0.055076, 0.095062, -0.993947, 0.017137, 0.0, 0.0, 0.0, 1.0]
            ]
        },
        {
            "name": "Leg_R",
            "time": [0.0, 0.15, 0.2, 0.3667, 0.4667],
            "transform": [
                [1.0, -0.0, 1e-06, 0.0, 0.0, 0.997612, 0.069073, 0.37472, -1e-06, -0.069073, 0.997611, -0.0, 0.0, 0.0, 0.0, 1.0],
                [1.0, -0.0, 1e-06, 0.0, 0.0, 0.974668, 0.223658, 0.37472, -1e-06, -0.223659, 0.974667, -0.0, 0.0, 0.0, 0.0, 1.0],
                [1.0, -1e-06, 1e-06, -0.0, 0.0, 0.862241, 0.506499, 0.37472, -1e-06, -0.506499, 0.86224, -0.0, 0.0, 0.0, 0.0, 1.0],
                [1.0, -0.0, 1e-06, -0.0, 0.0, 0.997612, 0.069073, 0.37472, -1e-06, -0.069073, 0.997611, -0.0, 0.0, 0.0, 0.0, 1.0],
                [1.0, -0.0, 1e-06, -0.0, 0.0, 0.997612, 0.069073, 0.37472, -1e-06, -0.069073, 0.997611, 0.0, 0.0, 0.0, 0.0, 1.0]
            ]
        },
        {
            "name": "Knee_R",
            "time": [0.0, 0.15, 0.3667, 0.4667],
            "transform": [
                [1.0, 0.0, -0.0, 0.0, -0.0, 1e-06, -1.0, 0.37472, -0.0, 1.0, 1e-06, -0.0, 0.0, 0.0, 0.0, 1.0],
                [1.0, 0.0, -0.0, 0.0, -0.0, 1e-06, -1.0, 0.37472, -0.0, 1.0, 1e-06, -0.0, 0.0, 0.0, 0.0, 1.0],
                [1.0, 0.0, -0.0, -0.0, -0.0, 1e-06, -1.0, 0.37472, -0.0, 1.0, 1e-06, -0.0, 0.0, 0.0, 0.0, 1.0],
                [1.0, 0.0, -0.0, -0.0, -0.0, 1e-06, -1.0, 0.37472, -0.0, 1.0, 1e-06, 0.0, 0.0, 0.0, 0.0, 1.0]
            ]
        },
        {
            "name": "Thigh_L",
            "time": [0.0, 0.15, 0.2, 0.3667, 0.4667],
            "transform": [
                [0.869242, -0.120567, -0.479458, -0.125006, -0.021407, -0.978077, 0.207141, -0.002831, -0.493921, -0.169792, -0.852767, -1.2e-05, 0.0, 0.0, 0.0, 1.0],
                [0.863772, -0.230364, -0.448141, -0.125537, -0.074321, -0.937894, 0.338866, -0.003278, -0.498371, -0.259397, -0.827248, -0.000546, 0.0, 0.0, 0.0, 1.0],
                [0.836085, -0.426091, -0.345554, -0.128913, -0.172003, -0.801725, 0.572409, -0.007688, -0.520937, -0.419146, -0.7436, -0.004366, 0.0, 0.0, 0.0, 1.0],
                [0.86424, -0.236248, -0.444156, -0.150236, -0.100793, -0.946289, 0.307208, -0.042015, -0.492877, -0.220734, -0.841634, -0.030255, 0.0, 0.0, 0.0, 1.0],
                [0.86424, -0.236248, -0.444156, -0.141182, -0.100793, -0.946289, 0.307208, -0.022939, -0.492877, -0.220734, -0.841634, -0.018039, 0.0, 0.0, 0.0, 1.0]
            ]
        },
        {
            "name": "Leg_L",
            "time": [0.0, 0.15, 0.2, 0.3667, 0.4667],
            "transform": [
                [0.998576, 0.053235, -0.003397, 0.0, -0.051599, 0.980122, 0.191569, 0.37472, 0.013527, -0.191121, 0.981474, 0.0, 0.0, 0.0, 0.0, 1.0],
                [0.998576, 0.053318, 0.001626, -0.0, -0.051599, 0.957758, 0.282907, 0.37472, 0.013527, -0.282588, 0.959146, -0.0, 0.0, 0.0, 0.0, 1.0],
                [0.998576, 0.052125, 0.011335, -0.0, -0.051599, 0.88999, 0.453051, 0.37472, 0.013527, -0.452991, 0.891413, -0.0, 0.0, 0.0, 0.0, 1.0],
                [0.998576, 0.053235, -0.003397, -0.0, -0.051599, 0.980121, 0.191569, 0.37472, 0.013527, -0.191121, 0.981474, 0.0, 0.0, 0.0, 0.0, 1.0],
                [0.998576, 0.053235, -0.003397, 0.0, -0.051599, 0.980122, 0.191569, 0.37472, 0.013527, -0.191121, 0.981474, 0.0, 0.0, 0.0, 0.0, 1.0]
            ]
        },
        {
            "name": "Knee_L",
            "time": [0.0, 0.15, 0.3667, 0.4667],
            "transform": [
                [1.0, 0.0, -0.0, 0.0, -0.0, 1e-06, -1.0, 0.37472, -0.0, 1.0, 1e-06, 0.0, 0.0, 0.0, 0.0, 1.0],
                [1.0, 0.0, -0.0, -0.0, -0.0, 1e-06, -1.0, 0.37472, -0.0, 1.0, 1e-06, -0.0, 0.0, 0.0, 0.0, 1.0],
                [1.0, 0.0, -0.0, -0.0, -0.0, 1e-06, -1.0, 0.37472, -0.0, 1.0, 1e-06, 0.0, 0.0, 0.0, 0.0, 1.0],
                [1.0, 0.0, -0.0, 0.0, -0.0, 1e-06, -1.0, 0.37472, -0.0, 1.0, 1e-06, 0.0, 0.0, 0.0, 0.0, 1.0]
            ]
        },
        {
            "name": "Torso",
            "time": [0.0, 0.15, 0.3667, 0.4667],
            "transform": [
                [0.999042, -0.043673, -0.002705, 0.0, 0.04367, 0.999045, -0.001423, 0.05, 0.002765, 0.001304, 0.999995, -0.0, 0.0, 0.0, 0.0, 1.0],
                [0.999043, -0.043673, 0.002182, 0.0, 0.043676, 0.999045, -0.00121, 0.05, -0.002127, 0.001304, 0.999997, -0.0, 0.0, 0.0, 0.0, 1.0],
                [0.991716, -0.043673, 0.120796, -0.0, 0.043511, 0.999045, 0.003985, 0.05, -0.120855, 0.001304, 0.992669, -0.0, 0.0, 0.0, 0.0, 1.0],
                [0.991716, -0.043673, 0.120796, -0.0, 0.043511, 0.999045, 0.003985, 0.05, -0.120855, 0.001304, 0.992669, -0.0, 0.0, 0.0, 0.0, 1.0]
            ]
        },
        {
            "name": "Chest",
            "time": [0.0, 0.15, 0.2, 0.3667, 0.4667],
            "transform": [
                [0.999771, -0.021316, -0.002029, 0.0, 0.021411, 0.994316, 0.104295, 0.3, -0.000206, -0.104315, 0.994544, 0.0, 0.0, 0.0, 0.0, 1.0],
                [0.999763, -0.020915, -0.006122, 0.0, 0.021587, 0.988938, 0.146747, 0.3, 0.002985, -0.146844, 0.989155, -0.0, 0.0, 0.0, 0.0, 1.0],
                [0.999612, -0.018882, -0.02049, 0.0, 0.023069, 0.973264, 0.228526, 0.3, 0.015627, -0.22891, 0.973322, 0.0, 0.0, 0.0, 0.0, 1.0],
                [0.997466, -0.031682, -0.063697, 0.0, 0.028234, 0.998124, -0.054323, 0.3, 0.065298, 0.052387, 0.99649, 0.0, 0.0, 0.0, 0.0, 1.0],
                [0.997466, -0.021316, -0.067873, 0.0, 0.028234, 0.994316, 0.102659, 0.3, 0.065298, -0.104315, 0.992398, -0.0, 0.0, 0.0, 0.0, 1.0]
            ]
        },
        {
            "name": "Head",
            "time": [0.0, 0.15, 0.2, 0.3667, 0.4667],
            "transform": [
                [0.85311, 0.037721, 0.520365, -0.0, -0.006297, 0.998055, -0.062025, 0.4, -0.521692, 0.049637, 0.851689, -0.0, 0.0, 0.0, 0.0, 1.0],
                [0.858652, 0.049128, 0.510199, 0.0, -0.006702, 0.996387, -0.084663, 0.4, -0.512515, 0.069277, 0.855879, -0.0, 0.0, 0.0, 0.0, 1.0],
                [0.879884, 0.069499, 0.470078, -0.0, -0.009627, 0.991651, -0.128593, 0.4, -0.47509, 0.108622, 0.873207, 0.0, 0.0, 0.0, 0.0, 1.0],
                [0.947111, 0.013004, 0.320641, 0.0, -0.019866, 0.999638, 0.018141, 0.4, -0.320289, -0.023552, 0.947027, -0.0, 0.0, 0.0, 0.0, 1.0],
                [0.947111, 0.037721, 0.31868, -0.0, -0.019866, 0.998055, -0.059094, 0.4, -0.320289, 0.049637, 0.946018, -0.0, 0.0, 0.0, 0.0, 1.0]
            ]
        },
        {
            "name": "Shoulder_R",
            "time": [0.0, 0.15, 0.3667, 0.4667],
            "transform": [
                [0.110305, 0.959352, 0.259762, -0.0, 0.091141, -0.270019, 0.958532, 0.4, 0.98971, -0.082056, -0.11722, -0.0, 0.0, 0.0, 0.0, 1.0],
                [0.110305, 0.961669, 0.251047, 0.0, 0.091141, -0.261311, 0.960942, 0.4, 0.98971, -0.083116, -0.116471, -0.0, 0.0, 0.0, 0.0, 1.0],
                [0.110305, 0.993313, 0.034074, 0.0, 0.091141, -0.044248, 0.994854, 0.4, 0.98971, -0.106631, -0.095412, -0.0, 0.0, 0.0, 0.0, 1.0],
                [0.110305, 0.993313, 0.034074, -0.0, 0.091141, -0.044248, 0.994854, 0.4, 0.98971, -0.106631, -0.095412, -0.0, 0.0, 0.0, 0.0, 1.0]
            ]
        },
        {
            "name": "Arm_R",
            "time": [0.0, 0.15, 0.2, 0.3667, 0.4667],
            "transform": [
                [0.016005, 0.076948, -0.996907, -0.0, 0.894149, 0.445112, 0.048712, 0.393861, 0.447483, -0.892163, -0.061679, 0.0, 0.0, 0.0, 0.0, 1.0],
                [-0.029838, -0.078227, -0.996489, -0.0, 0.901427, 0.428662, -0.060643, 0.393861, 0.431901, -0.900072, 0.057726, -0.0, 0.0, 0.0, 0.0, 1.0],
                [-0.142365, -0.633688, -0.760376, -0.0, 0.900614, 0.235771, -0.365111, 0.39386, 0.410641, -0.736784, 0.537143, -0.0, 0.0, 0.0, 0.0, 1.0],
                [-0.198945, 0.070977, 0.977437, 0.0, 0.977955, 0.078936, 0.193319, 0.39386, -0.063434, 0.994349, -0.085116, -0.0, 0.0, 0.0, 0.0, 1.0],
                [-0.198945, 0.070977, 0.977437, 0.0, 0.977955, 0.078936, 0.193319, 0.39386, -0.063434, 0.994349, -0.085116, 0.0, 0.0, 0.0, 0.0, 1.0]
            ]
        },
        {
            "name": "Hand_R",
            "time": [0.0, 0.15, 0.2, 0.3667, 0.4667],
            "transform": [
                [0.999998, -0.000654, 0.001702, -0.0, 0.000868, 0.99162, -0.129185, 0.3, -0.001603, 0.129186, 0.991619, -0.0, 0.0, 0.0, 0.0, 1.0],
                [0.999998, -0.000243, 0.001807, -0.0, 0.000868, 0.935012, -0.354615, 0.3, -0.001603, 0.354616, 0.935011, -0.0, 0.0, 0.0, 0.0, 1.0],
                [0.999999, 0.000579, 0.001729, 0.0, 0.000868, 0.682854, -0.730554, 0.3, -0.001603, 0.730555, 0.682853, -0.0, 0.0, 0.0, 0.0, 1.0],
                [0.999998, -0.000654, 0.001702, 0.0, 0.000868, 0.99162, -0.129185, 0.3, -0.001603, 0.129186, 0.991619, -0.0, 0.0, 0.0, 0.0, 1.0],
                [0.999998, -0.000654, 0.001702, -0.0, 0.000868, 0.99162, -0.129185, 0.3, -0.001603, 0.129186, 0.991619, 0.0, 0.0, 0.0, 0.0, 1.0]
            ]
        },
        {
            "name": "Tool_R",
            "time": [0.0, 0.15, 0.3667, 0.4667],
            "transform": [
                [0.976086, -0.063799, 0.207812, 0.015054, -0.000916, -0.957162, -0.28955, 0.243316, 0.217254, 0.282258, -0.933781, 0.024459, 0.0, 0.0, 0.0, 1.0],
                [0.976086, -0.063799, 0.207811, 0.015054, -0.000916, -0.957162, -0.28955, 0.243316, 0.217254, 0.282258, -0.933781, 0.024459, 0.0, 0.0, 0.0, 1.0],
                [0.976086, -0.063799, 0.207812, 0.015054, -0.000916, -0.957162, -0.28955, 0.243316, 0.217254, 0.282258, -0.933781, 0.024459, 0.0, 0.0, 0.0, 1.0],
                [0.976086, -0.063799, 0.207812, 0.015054, -0.000916, -0.957162, -0.28955, 0.243316, 0.217254, 0.282258, -0.933782, 0.024459, 0.0, 0.0, 0.0, 1.0]
            ]
        },
        {
            "name": "Elbow_R",
            "time": [0.0, 0.15, 0.3667, 0.4667],
            "transform": [
                [-1.0, 0.0, 0.0, -0.0, 0.0, -0.0, -1.0, 0.341622, -0.0, -1.0, 0.0, -0.0, 0.0, 0.0, 0.0, 1.0],
                [-1.0, 0.0, -0.0, -0.0, 0.0, -0.0, -1.0, 0.341622, -0.0, -1.0, 0.0, -0.0, 0.0, 0.0, 0.0, 1.0],
                [-1.0, 0.0, -0.0, -0.0, 0.0, -0.0, -1.0, 0.341622, -0.0, -1.0, 0.0, -0.0, 0.0, 0.0, 0.0, 1.0],
                [-1.0, 0.0, -0.0, -0.0, 0.0, -0.0, -1.0, 0.341622, -0.0, -1.0, 0.0, 0.0, 0.0, 0.0, 0.0, 1.0]
            ]
        },
        {
            "name": "Shoulder_L",
            "time": [0.0, 0.15, 0.3667, 0.4667],
            "transform": [
                [-0.223566, -0.946611, -0.232262, -0.0, -0.022073, -0.233315, 0.972151, 0.4, -0.974439, 0.222466, 0.031267, -0.0, 0.0, 0.0, 0.0, 1.0],
                [-0.223565, -0.949341, -0.220841, 0.0, -0.022073, -0.221586, 0.974891, 0.4, -0.974439, 0.222827, 0.028584, -0.0, 0.0, 0.0, 0.0, 1.0],
                [-0.223566, -0.972601, 0.063755, 0.0, -0.022073, 0.070446, 0.997271, 0.4, -0.974439, 0.221548, -0.037218, -0.0, 0.0, 0.0, 0.0, 1.0],
                [-0.223566, -0.972601, 0.063755, -0.0, -0.022073, 0.070446, 0.997271, 0.4, -0.974439, 0.221548, -0.037218, -0.0, 0.0, 0.0, 0.0, 1.0]
            ]
        },
        {
            "name": "Arm_L",
            "time": [0.0, 0.15, 0.2, 0.3667, 0.4667],
            "transform": [
                [-0.500407, 0.200124, 0.842344, -0.0, -0.753024, 0.37952, -0.537512, 0.39386, -0.427255, -0.90328, -0.039216, 0.0, 0.0, 0.0, 0.0, 1.0],
                [-0.410556, 0.328459, 0.850622, 0.0, -0.733362, 0.435426, -0.522095, 0.39386, -0.54187, -0.838164, 0.062112, 0.0, 0.0, 0.0, 0.0, 1.0],
                [0.039949, 0.751774, 0.65821, 0.0, -0.670089, 0.508805, -0.540461, 0.39386, -0.741205, -0.419468, 0.524082, 0.0, 0.0, 0.0, 0.0, 1.0],
                [-0.18502, 0.070469, -0.980205, -0.0, -0.965809, 0.17128, 0.194616, 0.39386, 0.181604, 0.982699, 0.03637, 0.0, 0.0, 0.0, 0.0, 1.0],
                [-0.18502, 0.070469, -0.980205, -0.0, -0.965809, 0.17128, 0.194616, 0.39386, 0.181604, 0.982698, 0.03637, -0.0, 0.0, 0.0, 0.0, 1.0]
            ]
        },
        {
            "name": "Hand_L",
            "time": [0.0, 0.15, 0.2, 0.3667, 0.4667],
            "transform": [
                [0.999993, -0.000878, -0.003694, -0.0, 0.000938, 0.999867, 0.016288, 0.3, 0.003679, -0.016291, 0.999861, -0.0, 0.0, 0.0, 0.0, 1.0],
                [0.999993, -0.00206, -0.003189, 0.0, 0.000938, 0.948014, -0.318229, 0.3, 0.003679, 0.318223, 0.948009, -0.0, 0.0, 0.0, 0.0, 1.0],
                [0.999993, -0.003597, -0.001214, 0.0, 0.000938, 0.543914, -0.839141, 0.3, 0.003679, 0.839134, 0.543913, -0.0, 0.0, 0.0, 0.0, 1.0],
                [0.999993, -0.000878, -0.003694, -0.0, 0.000938, 0.999867, 0.016288, 0.3, 0.003679, -0.016291, 0.999861, -0.0, 0.0, 0.0, 0.0, 1.0],
                [0.999993, -0.000878, -0.003694, -0.0, 0.000938, 0.999867, 0.016288, 0.3, 0.003679, -0.016291, 0.999861, -0.0, 0.0, 0.0, 0.0, 1.0]
            ]
        },
        {
            "name": "Tool_L",
            "time": [0.0, 0.15, 0.3667, 0.4667],
            "transform": [
                [0.997004, 0.01104, -0.076554, 0.0, -0.036659, -0.804079, -0.593391, 0.272858, -0.068067, 0.594062, -0.8008, -0.0, 0.0, 0.0, 0.0, 1.0],
                [0.997004, 0.01104, -0.076554, 0.0, -0.036659, -0.804079, -0.593391, 0.272858, -0.068067, 0.594062, -0.8008, -0.0, 0.0, 0.0, 0.0, 1.0],
                [0.997004, 0.01104, -0.076554, -0.0, -0.036659, -0.804079, -0.593391, 0.272858, -0.068067, 0.594062, -0.8008, -0.0, 0.0, 0.0, 0.0, 1.0],
                [0.997004, 0.01104, -0.076554, -0.0, -0.036659, -0.804079, -0.593391, 0.272858, -0.068067, 0.594062, -0.8008, -0.0, 0.0, 0.0, 0.0, 1.0]
            ]
        },
        {
            "name": "Elbow_L",
            "time": [0.0, 0.15, 0.3667, 0.4667],
            "transform": [
                [-1.0, 0.0, -0.0, 2.7e-05, 0.0, -0.0, -1.0, 0.334302, -0.0, -1.0, -0.0, -0.002121, 0.0, 0.0, 0.0, 1.0],
                [-1.0, 0.0, -0.0, 2.7e-05, 0.0, -0.0, -1.0, 0.334301, -0.0, -1.0, -0.0, -0.002121, 0.0, 0.0, 0.0, 1.0],
                [-1.0, 0.0, -0.0, 2.7e-05, 0.0, -0.0, -1.0, 0.334301, -0.0, -1.0, -0.0, -0.002121, 0.0, 0.0, 0.0, 1.0],
                [-1.0, 0.0, -0.0, 2.7e-05, 0.0, -0.0, -1.0, 0.334301, -0.0, -1.0, -0.0, -0.002121, 0.0, 0.0, 0.0, 1.0]
            ]
        }
    ]
}