{
    "animation": [
        {
            "name": "Root",
            "time": [0.0, 0.1833, 0.3, 0.45, 0.7167, 1.1833],
            "transform": [
                [0.83712, 0.038271, -0.545678, -0.036862, -0.452173, -0.51298, -0.729652, 0.01049, -0.307846, 0.857547, -0.412121, 0.05652, 0.0, 0.0, 0.0, 1.0],
                [0.821102, 0.066045, -0.566947, -0.016342, -0.460554, -0.510081, -0.726435, -0.233131, -0.337166, 0.857587, -0.388412, 0.112474, 0.0, 0.0, 0.0, 1.0],
                [0.823551, 0.066672, -0.56331, -0.026107, -0.467044, -0.483887, -0.740083, -0.315199, -0.321922, 0.872587, -0.367367, 0.145232, 0.0, 0.0, 0.0, 1.0],
                [0.851005, 0.025336, -0.524545, -0.086954, -0.504434, -0.23838, -0.829892, -0.478236, -0.146068, 0.970841, -0.190083, 0.278058, 0.0, 0.0, 0.0, 1.0],
                [0.863282, -0.092849, -0.496108, -0.01679, -0.471102, 0.204507, -0.858044, -0.427745, 0.181126, 0.974452, 0.132807, 0.520011, 0.0, 0.0, 0.0, 1.0],
                [0.854339, 0.028643, -0.518927, -5e-06, -0.51914, 0.0, -0.854689, 0.000946, -0.024481, 0.99959, 0.01487, 0.753683, 0.0, 0.0, 0.0, 1.0]
            ]
        },
        {
            "name": "Thigh_R",
            "time": [0.0, 0.1833, 0.3, 0.45, 0.7167, 1.1833],
            "transform": [
                [0.990685, -0.092363, -0.100061, 0.125366, 0.118017, 0.215773, 0.969286, 0.023447, -0.067936, -0.972065, 0.224663, -0.084057, 0.0, 0.0, 0.0, 1.0],
                [0.990685, -0.071209, -0.116071, 0.125366, 0.118017, 0.023738, 0.992728, 0.023447, -0.067936, -0.997179, 0.03192, -0.084057, 0.0, 0.0, 0.0, 1.0],
                [0.986199, -0.118774, -0.115343, 0.125314, 0.122454, 0.054392, 0.990983, 0.019813, -0.111429, -0.991431, 0.068185, -0.072435, 0.0, 0.0, 0.0, 1.0],
                [0.911998, -0.403841, -0.07192, 0.124994, 0.179623, 0.235547, 0.95512, -0.002831, -0.368776, -0.883985, 0.287357, -1.2e-05, 0.0, 0.0, 0.0, 1.0],
                [0.952066, -0.185766, -0.243024, 0.124994, 0.170943, -0.335735, 0.926316, -0.002831, -0.25367, -0.923457, -0.287887, -1.2e-05, 0.0, 0.0, 0.0, 1.0],
                [0.992811, 0.117851, -0.020883, 0.124994, 0.118536, -0.99232, 0.035348, -0.002831, -0.016557, -0.037569, -0.999157, -1.2e-05, 0.0, 0.0, 0.0, 1.0]
            ]
        },
        {
            "name": "Leg_R",
            "time": [0.0, 0.1833, 0.3, 0.45, 0.7167, 1.1833],
            "transform": [
                [1.0, -1e-06, 0.0, -0.0, -0.0, -0.325775, 0.945447, 0.37472, -1e-06, -0.945448, -0.325775, -0.0, 0.0, 0.0, 0.0, 1.0],
                [1.0, -1e-06, 0.0, -0.0, -0.0, 0.254592, 0.967048, 0.37472, -1e-06, -0.967049, 0.254592, 0.0, 0.0, 0.0, 0.0, 1.0],
                [1.0, -1e-06, 0.0, 0.0, -0.0, 0.163141, 0.986602, 0.37472, -1e-06, -0.986604, 0.16314, 0.0, 0.0, 0.0, 0.0, 1.0],
                [1.0, -1e-06, 0.0, -0.0, -0.0, -0.414564, 0.91002, 0.37472, -1e-06, -0.910021, -0.414563, 0.0, 0.0, 0.0, 0.0, 1.0],
                [1.0, -0.0, 1e-06, 0.0, -0.0, 0.77303, 0.63437, 0.37472, -1e-06, -0.634371, 0.773028, 0.0, 0.0, 0.0, 0.0, 1.0],
                [1.0, -0.0, 1e-06, 0.0, 0.0, 0.997612, 0.069073, 0.37472, -1e-06, -0.069073, 0.997611, -0.0, 0.0, 0.0, 0.0, 1.0]
            ]
        },
        {
            "name": "Knee_R",
            "time": [0.0, 0.1833, 0.3, 0.45, 0.7167, 1.1833],
            "transform": [
                [1.0, 0.0, -0.0, -0.0, -0.0, 1e-06, -1.0, 0.37472, -0.0, 1.0, 1e-06, -0.0, 0.0, 0.0, 0.0, 1.0],
                [1.0, 0.0, -0.0, -0.0, -0.0, 1e-06, -1.0, 0.37472, -0.0, 1.0, 1e-06, 0.0, 0.0, 0.0, 0.0, 1.0],
                [1.0, 0.0, -0.0, 0.0, -0.0, 1e-06, -1.0, 0.37472, -0.0, 1.0, 1e-06, 0.0, 0.0, 0.0, 0.0, 1.0],
                [1.0, 0.0, -0.0, -0.0, -0.0, 1e-06, -1.0, 0.37472, -0.0, 1.0, 1e-06, 0.0, 0.0, 0.0, 0.0, 1.0],
                [1.0, 0.0, -0.0, 0.0, -0.0, 1e-06, -1.0, 0.37472, -0.0, 1.0, 1e-06, 0.0, 0.0, 0.0, 0.0, 1.0],
                [1.0, 0.0, -0.0, 0.0, -0.0, 1e-06, -1.0, 0.37472, -0.0, 1.0, 1e-06, -0.0, 0.0, 0.0, 0.0, 1.0]
            ]
        },
        {
            "name": "Thigh_L",
            "time": [0.0, 0.1833, 0.3, 0.45, 0.7167, 1.1833],
            "transform": [
                [0.724837, -0.67909, 0.115963, -0.125006, -0.00526, 0.162865, 0.986634, -0.002831, -0.688899, -0.71576, 0.114478, -1.2e-05, 0.0, 0.0, 0.0, 1.0],
                [0.724837, -0.681171, -0.103033, -0.125006, -0.00526, -0.155026, 0.987896, -0.002831, -0.688899, -0.715523, -0.115952, -1.2e-05, 0.0, 0.0, 0.0, 1.0],
                [0.705232, -0.70724, -0.04958, -0.123019, -0.084113, -0.152903, 0.984654, -0.006911, -0.703968, -0.690241, -0.167321, 0.00165, 0.0, 0.0, 0.0, 1.0],
                [0.512364, -0.799726, 0.312922, -0.110635, -0.487382, 0.029221, 0.872699, -0.032333, -0.707064, -0.599653, -0.374801, 0.012005, 0.0, 0.0, 0.0, 1.0],
                [0.585089, -0.802378, 0.117732, -0.112623, -0.513692, -0.254351, 0.819405, -0.028254, -0.627527, -0.539903, -0.560994, 0.010343, 0.0, 0.0, 0.0, 1.0],
                [0.869242, -0.120567, -0.479458, -0.125006, -0.021407, -0.978077, 0.207141, -0.002831, -0.493921, -0.169792, -0.852767, -1.2e-05, 0.0, 0.0, 0.0, 1.0]
            ]
        },
        {
            "name": "Leg_L",
            "time": [0.0, 0.1833, 0.3, 0.45, 0.7167, 1.1833],
            "transform": [
                [0.998576, -0.003585, 0.053223, -0.0, -0.0516, -0.317925, 0.946711, 0.37472, 0.013527, -0.948109, -0.317658, 0.0, 0.0, 0.0, 0.0, 1.0],
                [0.998576, 0.025329, 0.046946, 0.0, -0.0516, 0.235475, 0.97051, 0.37472, 0.013527, -0.97155, 0.236447, -0.0, 0.0, 0.0, 0.0, 1.0],
                [0.998576, 0.021639, 0.048757, -0.0, -0.0516, 0.160044, 0.985761, 0.37472, 0.013527, -0.986872, 0.160933, 0.0, 0.0, 0.0, 0.0, 1.0],
                [0.998576, -0.003585, 0.053223, -0.0, -0.0516, -0.317925, 0.946711, 0.37472, 0.013527, -0.948109, -0.317658, 0.0, 0.0, 0.0, 0.0, 1.0],
                [0.998576, 0.007977, 0.052744, 0.0, -0.0516, -0.106282, 0.992997, 0.37472, 0.013527, -0.994304, -0.105719, 0.0, 0.0, 0.0, 0.0, 1.0],
                [0.998576, 0.053235, -0.003397, 0.0, -0.051599, 0.980122, 0.191569, 0.37472, 0.013527, -0.191121, 0.981474, 0.0, 0.0, 0.0, 0.0, 1.0]
            ]
        },
        {
            "name": "Knee_L",
            "time": [0.0, 0.1833, 0.3, 0.45, 0.7167, 1.1833],
            "transform": [
                [1.0, 0.0, -0.0, -0.0, -1e-06, 0.754007, -0.656866, 0.37472, -0.0, 0.656866, 0.754007, 0.0, 0.0, 0.0, 0.0, 1.0],
                [1.0, 0.0, -0.0, 0.0, -1e-06, 0.754007, -0.656866, 0.37472, -0.0, 0.656866, 0.754007, -0.0, 0.0, 0.0, 0.0, 1.0],
                [1.0, 0.0, -0.0, -0.0, -1e-06, 0.754007, -0.656866, 0.37472, -0.0, 0.656866, 0.754007, 0.0, 0.0, 0.0, 0.0, 1.0],
                [1.0, 0.0, -0.0, -0.0, -0.0, 0.754008, -0.656866, 0.37472, -0.0, 0.656866, 0.754007, 0.0, 0.0, 0.0, 0.0, 1.0],
                [1.0, 0.0, -0.0, 0.0, -1e-06, 0.673013, -0.739631, 0.37472, 0.0, 0.739631, 0.673013, 0.0, 0.0, 0.0, 0.0, 1.0],
                [1.0, 0.0, -0.0, 0.0, -0.0, 1e-06, -1.0, 0.37472, -0.0, 1.0, 1e-06, 0.0, 0.0, 0.0, 0.0, 1.0]
            ]
        },
        {
            "name": "Torso",
            "time": [0.0, 0.1833, 0.3, 0.45, 0.7167, 1.1833],
            "transform": [
                [0.893002, -0.319684, 0.316781, 0.0, 0.115002, 0.842594, 0.526128, 0.05, -0.435112, -0.433403, 0.789202, -0.0, 0.0, 0.0, 0.0, 1.0],
                [0.893002, -0.35087, 0.281849, 0.0, 0.115002, 0.783365, 0.610831, 0.05, -0.435112, -0.51306, 0.739896, -0.0, 0.0, 0.0, 0.0, 1.0],
                [0.906827, -0.288972, 0.306856, 0.0, 0.068066, 0.818842, 0.569969, 0.05, -0.415972, -0.495977, 0.762217, 0.0, 0.0, 0.0, 0.0, 1.0],
                [0.91061, 0.127579, 0.393083, -0.0, -0.247508, 0.930065, 0.271511, 0.05, -0.330953, -0.344532, 0.878503, -0.0, 0.0, 0.0, 0.0, 1.0],
                [0.943026, 0.103082, 0.316348, -0.0, -0.199715, 0.935831, 0.290404, 0.05, -0.266113, -0.337038, 0.9031, 0.0, 0.0, 0.0, 0.0, 1.0],
                [0.999042, -0.043673, -0.002705, 0.0, 0.04367, 0.999045, -0.001423, 0.05, 0.002765, 0.001304, 0.999995, -0.0, 0.0, 0.0, 0.0, 1.0]
            ]
        },
        {
            "name": "Chest",
            "time": [0.0, 0.1833, 0.3, 0.45, 0.7167, 0.9, 1.1833],
            "transform": [
                [0.999941, -0.009539, -0.005207, 0.0, 0.009915, 0.996916, 0.077843, 0.3, 0.004449, -0.07789, 0.996952, -0.0, 0.0, 0.0, 0.0, 1.0],
                [0.999884, 0.013462, -0.007143, 0.0, -0.010799, 0.956624, 0.291125, 0.3, 0.010752, -0.291014, 0.956658, 0.0, 0.0, 0.0, 0.0, 1.0],
                [0.999917, 0.010739, -0.007118, 0.0, -0.008065, 0.952558, 0.304249, 0.3, 0.010048, -0.304166, 0.952566, 0.0, 0.0, 0.0, 0.0, 1.0],
                [0.999941, -0.008003, -0.007352, -0.0, 0.009915, 0.948803, 0.315711, 0.3, 0.004449, -0.315765, 0.948827, 0.0, 0.0, 0.0, 0.0, 1.0],
                [0.999928, -0.009671, -0.007122, 0.0, 0.011439, 0.947535, 0.319447, 0.3, 0.003659, -0.319505, 0.947578, -0.0, 0.0, 0.0, 0.0, 1.0],
                [0.999875, -0.014628, -0.005959, 0.0, 0.015713, 0.959588, 0.280972, 0.3, 0.001608, -0.28103, 0.959698, 0.0, 0.0, 0.0, 0.0, 1.0],
                [0.999771, -0.021316, -0.002029, 0.0, 0.021411, 0.994316, 0.104295, 0.3, -0.000206, -0.104315, 0.994544, 0.0, 0.0, 0.0, 0.0, 1.0]
            ]
        },
        {
            "name": "Head",
            "time": [0.0, 0.1833, 0.3, 0.45, 0.7167, 1.1833],
            "transform": [
                [0.995725, 0.037721, 0.084313, 0.0, -0.033349, 0.998055, -0.052674, 0.4, -0.086135, 0.049637, 0.995046, 0.0, 0.0, 0.0, 0.0, 1.0],
                [0.995725, 0.037721, 0.084313, -0.0, -0.033349, 0.998055, -0.052674, 0.4, -0.086135, 0.049637, 0.995046, 0.0, 0.0, 0.0, 0.0, 1.0],
                [0.996404, 0.008663, 0.084291, 0.0, -0.004227, 0.998604, -0.052661, 0.4, -0.08463, 0.052115, 0.995049, 0.0, 0.0, 0.0, 0.0, 1.0],
                [0.981512, -0.171831, 0.084313, -0.0, 0.176594, 0.982873, -0.052674, 0.4, -0.073818, 0.066589, 0.995046, 0.0, 0.0, 0.0, 0.0, 1.0],
                [0.978562, -0.143401, 0.147828, 0.0, 0.152056, 0.987158, -0.048959, 0.4, -0.138908, 0.070388, 0.987801, 0.0, 0.0, 0.0, 0.0, 1.0],
                [0.85311, 0.037721, 0.520365, -0.0, -0.006297, 0.998055, -0.062025, 0.4, -0.521692, 0.049637, 0.851689, -0.0, 0.0, 0.0, 0.0, 1.0]
            ]
        },
        {
            "name": "Shoulder_R",
            "time": [0.0, 0.1833, 0.3, 0.45, 0.7167, 1.1833],
            "transform": [
                [0.368566, 0.843342, 0.391067, 0.0, -0.076529, -0.391728, 0.916893, 0.4, 0.926446, -0.367864, -0.079837, 0.0, 0.0, 0.0, 0.0, 1.0],
                [0.368566, 0.843342, 0.391067, -0.0, -0.076529, -0.391728, 0.916893, 0.4, 0.926446, -0.367864, -0.079837, 0.0, 0.0, 0.0, 0.0, 1.0],
                [0.332616, 0.846461, 0.415775, 0.0, -0.05707, -0.422003, 0.904796, 0.4, 0.941334, -0.324678, -0.092058, 0.0, 0.0, 0.0, 0.0, 1.0],
                [0.110305, 0.813864, 0.570489, -0.0, 0.091141, -0.579856, 0.809605, 0.4, 0.98971, -0.037308, -0.138137, 0.0, 0.0, 0.0, 0.0, 1.0],
                [0.110305, 0.840208, 0.530927, 0.0, 0.091141, -0.540487, 0.836401, 0.4, 0.98971, -0.04387, -0.136195, 0.0, 0.0, 0.0, 0.0, 1.0],
                [0.110305, 0.959352, 0.259762, -0.0, 0.091141, -0.270019, 0.958532, 0.4, 0.98971, -0.082056, -0.11722, -0.0, 0.0, 0.0, 0.0, 1.0]
            ]
        },
        {
            "name": "Arm_R",
            "time": [0.0, 0.1833, 0.3, 0.45, 0.7167, 1.1833],
            "transform": [
                [0.255947, -0.96667, 0.006399, -0.0, 0.773211, 0.200742, -0.601538, 0.39386, 0.580204, 0.158909, 0.798818, -0.0, 0.0, 0.0, 0.0, 1.0],
                [-0.013254, -0.990806, -0.134642, -0.0, 0.356242, 0.121139, -0.926508, 0.39386, 0.9343, -0.060245, 0.351361, -0.0, 0.0, 0.0, 0.0, 1.0],
                [-0.062726, -0.911007, -0.407593, 0.0, 0.344211, 0.363592, -0.865633, 0.39386, 0.936795, -0.194596, 0.290771, -0.0, 0.0, 0.0, 0.0, 1.0],
                [0.027568, -0.007106, -0.999595, 0.0, 0.532391, 0.846454, 0.008665, 0.39386, 0.846049, -0.532414, 0.027118, -0.0, 0.0, 0.0, 0.0, 1.0],
                [0.020383, 0.012884, -0.999709, 0.0, 0.594088, 0.804086, 0.022476, 0.39386, 0.804142, -0.594373, 0.008736, -0.0, 0.0, 0.0, 0.0, 1.0],
                [0.016005, 0.076948, -0.996907, -0.0, 0.894149, 0.445112, 0.048712, 0.393861, 0.447483, -0.892163, -0.061679, 0.0, 0.0, 0.0, 0.0, 1.0]
            ]
        },
        {
            "name": "Hand_R",
            "time": [0.0, 0.1833, 0.3, 0.45, 0.7167, 0.9, 1.1833],
            "transform": [
                [0.999999, -0.000843, 0.001616, 0.0, 0.000868, 0.999882, -0.015341, 0.3, -0.001603, 0.015342, 0.999881, -0.0, 0.0, 0.0, 0.0, 1.0],
                [0.999998, 0.000162, 0.001816, 0.0, 0.000868, 0.83374, -0.552157, 0.3, -0.001603, 0.552158, 0.833738, -0.0, 0.0, 0.0, 0.0, 1.0],
                [0.999998, 1.9e-05, 0.001823, 0.0, 0.000868, 0.874279, -0.485422, 0.3, -0.001603, 0.485423, 0.874278, 0.0, 0.0, 0.0, 0.0, 1.0],
                [0.999998, -0.000843, 0.001617, 0.0, 0.000868, 0.999882, -0.015341, 0.3, -0.001603, 0.015342, 0.999881, 0.0, 0.0, 0.0, 0.0, 1.0],
                [0.999998, -0.000818, 0.00163, 0.0, 0.000868, 0.999515, -0.031124, 0.3, -0.001603, 0.031125, 0.999514, -0.0, 0.0, 0.0, 0.0, 1.0],
                [0.999998, 0.000143, 0.001818, -0.0, 0.000868, 0.83934, -0.543606, 0.3, -0.001603, 0.543606, 0.839339, 0.0, 0.0, 0.0, 0.0, 1.0],
                [0.999998, -0.000654, 0.001702, -0.0, 0.000868, 0.99162, -0.129185, 0.3, -0.001603, 0.129186, 0.991619, -0.0, 0.0, 0.0, 0.0, 1.0]
            ]
        },
        {
            "name": "Tool_R",
            "time": [0.0, 0.1833, 0.3, 0.45, 0.7167, 1.1833],
            "transform": [
                [0.976086, -0.063799, 0.207812, 0.015054, -0.000916, -0.957162, -0.28955, 0.243316, 0.217254, 0.282258, -0.933781, 0.024459, 0.0, 0.0, 0.0, 1.0],
                [0.976086, -0.063799, 0.207811, 0.015054, -0.000916, -0.957162, -0.28955, 0.243316, 0.217254, 0.282258, -0.933781, 0.024459, 0.0, 0.0, 0.0, 1.0],
                [0.976086, -0.063799, 0.207811, 0.015054, -0.000916, -0.957162, -0.28955, 0.243316, 0.217254, 0.282258, -0.933781, 0.024459, 0.0, 0.0, 0.0, 1.0],
                [0.976086, -0.063799, 0.207812, 0.015054, -0.000916, -0.957162, -0.28955, 0.243316, 0.217254, 0.282258, -0.933781, 0.024459, 0.0, 0.0, 0.0, 1.0],
                [0.976086, -0.063799, 0.207812, 0.015054, -0.000916, -0.957162, -0.28955, 0.243316, 0.217254, 0.282258, -0.933781, 0.024459, 0.0, 0.0, 0.0, 1.0],
                [0.976086, -0.063799, 0.207812, 0.015054, -0.000916, -0.957162, -0.28955, 0.243316, 0.217254, 0.282258, -0.933781, 0.024459, 0.0, 0.0, 0.0, 1.0]
            ]
        },
        {
            "name": "Elbow_R",
            "time": [0.0, 0.1833, 0.3, 0.45, 0.7167, 1.1833],
            "transform": [
                [-1.0, 0.0, -0.0, 0.0, 0.0, -0.0, -1.0, 0.341622, -0.0, -1.0, 0.0, -0.0, 0.0, 0.0, 0.0, 1.0],
                [-1.0, 0.0, -0.0, -0.0, 0.0, -0.0, -1.0, 0.341622, -0.0, -1.0, 0.0, -0.0, 0.0, 0.0, 0.0, 1.0],
                [-1.0, 0.0, -0.0, 0.0, -0.0, -0.0, -1.0, 0.341622, -0.0, -1.0, 0.0, 0.0, 0.0, 0.0, 0.0, 1.0],
                [-1.0, 0.0, -0.0, -0.0, 0.0, -0.0, -1.0, 0.341622, -0.0, -1.0, 0.0, 0.0, 0.0, 0.0, 0.0, 1.0],
                [-1.0, 0.0, -0.0, -0.0, 0.0, -0.0, -1.0, 0.341622, -0.0, -1.0, 0.0, -0.0, 0.0, 0.0, 0.0, 1.0],
                [-1.0, 0.0, 0.0, -0.0, 0.0, -0.0, -1.0, 0.341622, -0.0, -1.0, 0.0, -0.0, 0.0, 0.0, 0.0, 1.0]
            ]
        },
        {
            "name": "Shoulder_L",
            "time": [0.0, 0.1833, 0.3, 0.45, 0.7167, 1.1833],
            "transform": [
                [0.183141, -0.955256, -0.232262, 0.0, 0.075281, -0.221937, 0.97215, 0.4, -0.9802, -0.195526, 0.031267, 0.0, 0.0, 0.0, 0.0, 1.0],
                [0.183141, -0.955256, -0.232262, -0.0, 0.075281, -0.221937, 0.972151, 0.4, -0.9802, -0.195526, 0.031267, 0.0, 0.0, 0.0, 0.0, 1.0],
                [0.125948, -0.951792, -0.279696, 0.0, 0.071063, -0.272561, 0.959511, 0.4, -0.989488, -0.140725, 0.033309, 0.0, 0.0, 0.0, 0.0, 1.0],
                [-0.223566, -0.806543, -0.547272, -0.0, -0.022073, -0.55715, 0.830118, 0.4, -0.974439, 0.197666, 0.106757, 0.0, 0.0, 0.0, 0.0, 1.0],
                [0.022237, -0.897786, -0.439869, 0.0, 0.000473, -0.439968, 0.898013, 0.4, -0.999753, -0.020177, -0.009359, 0.0, 0.0, 0.0, 0.0, 1.0],
                [-0.223566, -0.946611, -0.232262, -0.0, -0.022073, -0.233315, 0.972151, 0.4, -0.974439, 0.222466, 0.031267, -0.0, 0.0, 0.0, 0.0, 1.0]
            ]
        },
        {
            "name": "Arm_L",
            "time": [0.0, 0.1833, 0.3, 0.45, 0.7167, 0.9, 1.1833],
            "transform": [
                [0.30926, 0.949377, 0.055153, -0.0, -0.837604, 0.299395, -0.456928, 0.39386, -0.450309, 0.095114, 0.887792, -0.0, 0.0, 0.0, 0.0, 1.0],
                [-0.387552, 0.916557, 0.098626, 0.0, -0.511509, -0.124801, -0.850167, 0.39386, -0.766917, -0.379932, 0.517194, -0.0, 0.0, 0.0, 0.0, 1.0],
                [-0.487948, 0.863206, 0.129545, 0.0, -0.321128, -0.039523, -0.946211, 0.39386, -0.811655, -0.503302, 0.296485, -0.0, 0.0, 0.0, 0.0, 1.0],
                [-0.489048, 0.798417, 0.35123, -0.0, 0.221917, 0.503307, -0.835126, 0.39386, -0.843555, -0.330473, -0.423323, 0.0, 0.0, 0.0, 0.0, 1.0],
                [-0.477638, 0.723812, 0.497954, -0.0, -0.223461, 0.448057, -0.865627, 0.39386, -0.849663, -0.52473, -0.052265, 0.0, 0.0, 0.0, 0.0, 1.0],
                [-0.41508, 0.606453, 0.678177, -0.0, -0.481125, 0.486339, -0.729378, 0.39386, -0.772157, -0.629038, 0.08991, 0.0, 0.0, 0.0, 0.0, 1.0],
                [-0.500407, 0.200124, 0.842344, -0.0, -0.753024, 0.37952, -0.537512, 0.39386, -0.427255, -0.90328, -0.039216, 0.0, 0.0, 0.0, 0.0, 1.0]
            ]
        },
        {
            "name": "Hand_L",
            "time": [0.0, 0.1833, 0.3, 0.45, 0.7167, 1.1833],
            "transform": [
                [0.999993, -0.000758, -0.00372, 0.0, 0.000938, 0.998819, 0.04859, 0.3, 0.003679, -0.048593, 0.998812, -0.0, 0.0, 0.0, 0.0, 1.0],
                [0.999993, -0.001827, -0.003329, -0.0, 0.000938, 0.968359, -0.249559, 0.3, 0.003679, 0.249554, 0.968354, 0.0, 0.0, 0.0, 0.0, 1.0],
                [0.999993, -0.002426, -0.002907, -0.0, 0.000938, 0.902592, -0.430496, 0.3, 0.003668, 0.43049, 0.902588, 0.0, 0.0, 0.0, 0.0, 1.0],
                [0.999993, -0.003589, -0.00124, -0.0, 0.000938, 0.549931, -0.83521, 0.3, 0.003679, 0.835203, 0.54993, -0.0, 0.0, 0.0, 0.0, 1.0],
                [0.999993, -0.001592, -0.003447, -0.0, 0.000938, 0.983318, -0.181895, 0.3, 0.003679, 0.181891, 0.983312, -0.0, 0.0, 0.0, 0.0, 1.0],
                [0.999993, -0.000878, -0.003694, -0.0, 0.000938, 0.999867, 0.016288, 0.3, 0.003679, -0.016291, 0.999861, -0.0, 0.0, 0.0, 0.0, 1.0]
            ]
        },
        {
            "name": "Tool_L",
            "time": [0.0, 0.1833, 0.3, 0.45, 0.7167, 1.1833],
            "transform": [
                [0.997004, 0.01104, -0.076554, 0.0, -0.036659, -0.804079, -0.593391, 0.272858, -0.068067, 0.594062, -0.8008, -0.0, 0.0, 0.0, 0.0, 1.0],
                [0.997004, 0.01104, -0.076554, -0.0, -0.036659, -0.804079, -0.593391, 0.272858, -0.068067, 0.594062, -0.8008, -0.0, 0.0, 0.0, 0.0, 1.0],
                [0.997004, 0.01104, -0.076554, 0.0, -0.036659, -0.804079, -0.593391, 0.272858, -0.068067, 0.594062, -0.8008, -0.0, 0.0, 0.0, 0.0, 1.0],
                [0.997004, 0.01104, -0.076554, -0.0, -0.036659, -0.804079, -0.593391, 0.272858, -0.068067, 0.594062, -0.8008, -0.0, 0.0, 0.0, 0.0, 1.0],
                [0.997004, 0.01104, -0.076554, 0.0, -0.036659, -0.804079, -0.593391, 0.272858, -0.068067, 0.594062, -0.8008, -0.0, 0.0, 0.0, 0.0, 1.0],
                [0.997004, 0.01104, -0.076554, 0.0, -0.036659, -0.804079, -0.593391, 0.272858, -0.068067, 0.594062, -0.8008, -0.0, 0.0, 0.0, 0.0, 1.0]
            ]
        },
        {
            "name": "Elbow_L",
            "time": [0.0, 0.1833, 0.3, 0.45, 0.7167, 1.1833],
            "transform": [
                [-1.0, 0.0, -0.0, 2.7e-05, 0.0, -0.101913, -0.994793, 0.334301, -0.0, -0.994793, 0.101913, -0.002121, 0.0, 0.0, 0.0, 1.0],
                [-1.0, 0.0, -0.0, 2.7e-05, -0.0, -0.101913, -0.994793, 0.334301, -0.0, -0.994793, 0.101913, -0.00212, 0.0, 0.0, 0.0, 1.0],
                [-1.0, 0.0, -0.0, 2.7e-05, 0.0, -0.037204, -0.999308, 0.334301, -0.0, -0.999308, 0.037204, -0.002121, 0.0, 0.0, 0.0, 1.0],
                [-1.0, 0.0, 0.0, 2.7e-05, 0.0, 0.361435, -0.932398, 0.334301, -0.0, -0.932398, -0.361434, -0.002121, 0.0, 0.0, 0.0, 1.0],
                [-1.0, 0.0, 0.0, 2.7e-05, -0.0, -0.021041, -0.999779, 0.334301, -0.0, -0.999779, 0.021041, -0.002121, 0.0, 0.0, 0.0, 1.0],
                [-1.0, 0.0, -0.0, 2.7e-05, 0.0, -0.0, -1.0, 0.334302, -0.0, -1.0, -0.0, -0.002121, 0.0, 0.0, 0.0, 1.0]
            ]
        }
    ]
}