{
    "animation": [
        {
            "name": "Root",
            "time": [0.0, 0.2, 0.35, 1.25, 1.6],
            "transform": [
                [0.854339, 0.028643, -0.518927, -5e-06, -0.51914, 0.0, -0.854689, 0.000946, -0.024481, 0.99959, 0.01487, 0.753683, 0.0, 0.0, 0.0, 1.0],
                [0.825764, 0.139039, -0.546609, -0.019216, -0.519047, -0.19187, -0.832932, -0.009126, -0.220688, 0.971522, -0.086272, 0.508938, 0.0, 0.0, 0.0, 1.0],
                [0.83712, 0.038271, -0.545678, -0.036862, -0.452173, -0.51298, -0.729652, 0.01049, -0.307846, 0.857547, -0.412121, 0.05652, 0.0, 0.0, 0.0, 1.0],
                [0.83712, 0.038271, -0.545678, -0.036862, -0.452173, -0.51298, -0.729652, 0.01049, -0.307846, 0.857547, -0.412121, 0.05652, 0.0, 0.0, 0.0, 1.0],
                [0.83712, 0.038271, -0.545678, -0.036862, -0.452173, -0.51298, -0.729652, 0.01049, -0.307846, 0.857547, -0.412121, 0.05652, 0.0, 0.0, 0.0, 1.0]
            ]
        },
        {
            "name": "Thigh_R",
            "time": [0.0, 0.2, 0.35, 1.25, 1.6],
            "transform": [
                [0.992811, 0.117851, -0.020883, 0.124994, 0.118536, -0.99232, 0.035348, -0.002831, -0.016557, -0.037569, -0.999157, -1.2e-05, 0.0, 0.0, 0.0, 1.0],
                [0.9023, -0.05862, -0.427104, 0.112145, 0.300437, -0.62501, 0.720486, 0.018148, -0.309179, -0.778412, -0.546336, -0.014694, 0.0, 0.0, 0.0, 1.0],
                [0.990685, -0.092363, -0.100061, 0.125366, 0.118017, 0.215773, 0.969286, 0.023447, -0.067936, -0.972065, 0.224663, -0.084057, 0.0, 0.0, 0.0, 1.0],
                [0.990685, -0.092363, -0.100061, 0.125366, 0.118017, 0.215773, 0.969286, 0.023447, -0.067936, -0.972065, 0.224663, -0.084057, 0.0, 0.0, 0.0, 1.0],
                [0.990685, -0.092363, -0.100061, 0.125366, 0.118017, 0.215773, 0.969286, 0.023447, -0.067936, -0.972065, 0.224663, -0.084057, 0.0, 0.0, 0.0, 1.0]
            ]
        },
        {
            "name": "Leg_R",
            "time": [0.0, 0.2, 0.35, 1.25, 1.6],
            "transform": [
                [1.0, -0.0, 1e-06, 0.0, 0.0, 0.997612, 0.069073, 0.37472, -1e-06, -0.069073, 0.997611, -0.0, 0.0, 0.0, 0.0, 1.0],
                [1.0, -1e-06, -0.0, -0.0, 0.0, -0.081467, 0.996675, 0.37472, -1e-06, -0.996677, -0.081467, 0.0, 0.0, 0.0, 0.0, 1.0],
                [1.0, -1e-06, 0.0, -0.0, -0.0, -0.325775, 0.945447, 0.37472, -1e-06, -0.945448, -0.325775, -0.0, 0.0, 0.0, 0.0, 1.0],
                [1.0, -1e-06, 0.0, -0.0, -0.0, -0.325775, 0.945447, 0.37472, -1e-06, -0.945448, -0.325775, -0.0, 0.0, 0.0, 0.0, 1.0],
                [1.0, -1e-06, 0.0, -0.0, -0.0, -0.325775, 0.945447, 0.37472, -1e-06, -0.945448, -0.325775, -0.0, 0.0, 0.0, 0.0, 1.0]
            ]
        },
        {
            "name": "Knee_R",
            "time": [0.0, 0.2, 0.35, 1.25, 1.6],
            "transform": [
                [1.0, 0.0, -0.0, 0.0, -0.0, 1e-06, -1.0, 0.37472, -0.0, 1.0, 1e-06, -0.0, 0.0, 0.0, 0.0, 1.0],
                [1.0, 0.0, -0.0, -0.0, -0.0, 0.284596, -0.958648, 0.37472, -0.0, 0.958648, 0.284596, 0.0, 0.0, 0.0, 0.0, 1.0],
                [1.0, 0.0, -0.0, -0.0, -0.0, 1e-06, -1.0, 0.37472, -0.0, 1.0, 1e-06, -0.0, 0.0, 0.0, 0.0, 1.0],
                [1.0, 0.0, -0.0, -0.0, -0.0, 1e-06, -1.0, 0.37472, -0.0, 1.0, 1e-06, -0.0, 0.0, 0.0, 0.0, 1.0],
                [1.0, 0.0, -0.0, -0.0, -0.0, 1e-06, -1.0, 0.37472, -0.0, 1.0, 1e-06, -0.0, 0.0, 0.0, 0.0, 1.0]
            ]
        },
        {
            "name": "Thigh_L",
            "time": [0.0, 0.35, 1.25, 1.6],
            "transform": [
                [0.869242, -0.120567, -0.479458, -0.125006, -0.021407, -0.978077, 0.207141, -0.002831, -0.493921, -0.169792, -0.852767, -1.2e-05, 0.0, 0.0, 0.0, 1.0],
                [0.724837, -0.67909, 0.115963, -0.125006, -0.00526, 0.162865, 0.986634, -0.002831, -0.688899, -0.71576, 0.114478, -1.2e-05, 0.0, 0.0, 0.0, 1.0],
                [0.724837, -0.67909, 0.115963, -0.125006, -0.00526, 0.162865, 0.986634, -0.002831, -0.688899, -0.71576, 0.114478, -1.2e-05, 0.0, 0.0, 0.0, 1.0],
                [0.724837, -0.67909, 0.115963, -0.125006, -0.00526, 0.162865, 0.986634, -0.002831, -0.688899, -0.71576, 0.114478, -1.2e-05, 0.0, 0.0, 0.0, 1.0]
            ]
        },
        {
            "name": "Leg_L",
            "time": [0.0, 0.2, 0.35, 1.25, 1.6],
            "transform": [
                [0.998576, 0.053235, -0.003397, 0.0, -0.051599, 0.980122, 0.191569, 0.37472, 0.013527, -0.191121, 0.981474, 0.0, 0.0, 0.0, 0.0, 1.0],
                [0.998576, 0.031066, 0.043363, 0.0, -0.051599, 0.356403, 0.932907, 0.37472, 0.013527, -0.933816, 0.357498, 0.0, 0.0, 0.0, 0.0, 1.0],
                [0.998576, -0.003585, 0.053223, -0.0, -0.0516, -0.317925, 0.946711, 0.37472, 0.013527, -0.948109, -0.317658, 0.0, 0.0, 0.0, 0.0, 1.0],
                [0.998576, -0.003585, 0.053223, -0.0, -0.0516, -0.317925, 0.946711, 0.37472, 0.013527, -0.948109, -0.317658, 0.0, 0.0, 0.0, 0.0, 1.0],
                [0.998576, -0.003585, 0.053223, -0.0, -0.0516, -0.317925, 0.946711, 0.37472, 0.013527, -0.948109, -0.317658, 0.0, 0.0, 0.0, 0.0, 1.0]
            ]
        },
        {
            "name": "Knee_L",
            "time": [0.0, 0.35, 1.25, 1.6],
            "transform": [
                [1.0, 0.0, -0.0, 0.0, -0.0, 1e-06, -1.0, 0.37472, -0.0, 1.0, 1e-06, 0.0, 0.0, 0.0, 0.0, 1.0],
                [1.0, 0.0, -0.0, -0.0, -1e-06, 0.754007, -0.656866, 0.37472, -0.0, 0.656866, 0.754007, 0.0, 0.0, 0.0, 0.0, 1.0],
                [1.0, 0.0, -0.0, -0.0, -1e-06, 0.754007, -0.656866, 0.37472, -0.0, 0.656866, 0.754007, 0.0, 0.0, 0.0, 0.0, 1.0],
                [1.0, 0.0, -0.0, -0.0, -1e-06, 0.754007, -0.656866, 0.37472, -0.0, 0.656866, 0.754007, 0.0, 0.0, 0.0, 0.0, 1.0]
            ]
        },
        {
            "name": "Torso",
            "time": [0.0, 0.2, 0.35, 1.25, 1.6],
            "transform": [
                [0.999042, -0.043673, -0.002705, 0.0, 0.04367, 0.999045, -0.001423, 0.05, 0.002765, 0.001304, 0.999995, -0.0, 0.0, 0.0, 0.0, 1.0],
                [0.986944, 0.132344, 0.091801, 0.0, -0.126885, 0.989917, -0.062974, 0.05, -0.099209, 0.050504, 0.993784, 0.0, 0.0, 0.0, 0.0, 1.0],
                [0.893002, -0.319684, 0.316781, 0.0, 0.115002, 0.842594, 0.526128, 0.05, -0.435112, -0.433403, 0.789202, -0.0, 0.0, 0.0, 0.0, 1.0],
                [0.893002, -0.303086, 0.332696, 0.0, 0.115002, 0.868368, 0.482403, 0.05, -0.435112, -0.392526, 0.810309, -0.0, 0.0, 0.0, 0.0, 1.0],
                [0.893002, -0.319684, 0.316781, 0.0, 0.115002, 0.842594, 0.526128, 0.05, -0.435112, -0.433403, 0.789202, -0.0, 0.0, 0.0, 0.0, 1.0]
            ]
        },
        {
            "name": "Chest",
            "time": [0.0, 0.2, 0.35, 0.6833, 1.25, 1.6],
            "transform": [
                [0.999771, -0.021316, -0.002029, 0.0, 0.021411, 0.994316, 0.104295, 0.3, -0.000206, -0.104315, 0.994544, 0.0, 0.0, 0.0, 0.0, 1.0],
                [0.989799, 0.142432, -0.003366, 0.0, -0.140351, 0.978857, 0.148799, 0.3, 0.024489, -0.146809, 0.988862, 0.0, 0.0, 0.0, 0.0, 1.0],
                [0.999941, -0.009539, -0.005207, 0.0, 0.009915, 0.996916, 0.077843, 0.3, 0.004449, -0.07789, 0.996952, -0.0, 0.0, 0.0, 0.0, 1.0],
                [0.999941, -0.00865, -0.006579, 0.0, 0.009915, 0.973962, 0.226492, 0.3, 0.004449, -0.226544, 0.973991, 0.0, 0.0, 0.0, 0.0, 1.0],
                [0.999941, -0.008835, -0.006329, -0.0, 0.009915, 0.980048, 0.198515, 0.3, 0.004449, -0.198566, 0.980078, 0.0, 0.0, 0.0, 0.0, 1.0],
                [0.999941, -0.009539, -0.005207, 0.0, 0.009915, 0.996916, 0.077843, 0.3, 0.004449, -0.07789, 0.996952, -0.0, 0.0, 0.0, 0.0, 1.0]
            ]
        },
        {
            "name": "Head",
            "time": [0.0, 0.2, 0.35, 0.6833, 1.25, 1.6],
            "transform": [
                [0.85311, 0.037721, 0.520365, -0.0, -0.006297, 0.998055, -0.062025, 0.4, -0.521692, 0.049637, 0.851689, -0.0, 0.0, 0.0, 0.0, 1.0],
                [0.89208, -0.242928, 0.381023, 0.0, 0.158819, 0.957962, 0.238925, 0.4, -0.423047, -0.152627, 0.893161, 0.0, 0.0, 0.0, 0.0, 1.0],
                [0.995725, 0.037721, 0.084313, 0.0, -0.033349, 0.998055, -0.052674, 0.4, -0.086135, 0.049637, 0.995046, 0.0, 0.0, 0.0, 0.0, 1.0],
                [0.995725, 0.018859, 0.09042, -0.0, -0.033349, 0.986304, 0.161533, 0.4, -0.086135, -0.163858, 0.982716, -0.0, 0.0, 0.0, 0.0, 1.0],
                [0.995725, 0.024004, 0.089192, 0.0, -0.033349, 0.993933, 0.104809, 0.4, -0.086135, -0.107335, 0.990485, 0.0, 0.0, 0.0, 0.0, 1.0],
                [0.995725, 0.037721, 0.084313, 0.0, -0.033349, 0.998055, -0.052674, 0.4, -0.086135, 0.049637, 0.995046, 0.0, 0.0, 0.0, 0.0, 1.0]
            ]
        },
        {
            "name": "Shoulder_R",
            "time": [0.0, 0.35, 1.25, 1.6],
            "transform": [
                [0.110305, 0.959352, 0.259762, -0.0, 0.091141, -0.270019, 0.958532, 0.4, 0.98971, -0.082056, -0.11722, -0.0, 0.0, 0.0, 0.0, 1.0],
                [0.047624, 0.919129, 0.391067, 0.0, 0.06647, -0.39356, 0.916893, 0.4, 0.996651, -0.017672, -0.079837, 0.0, 0.0, 0.0, 0.0, 1.0],
                [0.368566, 0.843342, 0.391067, 0.0, -0.076529, -0.391728, 0.916893, 0.4, 0.926446, -0.367863, -0.079837, 0.0, 0.0, 0.0, 0.0, 1.0],
                [0.368566, 0.843342, 0.391067, 0.0, -0.076529, -0.391728, 0.916893, 0.4, 0.926446, -0.367864, -0.079837, 0.0, 0.0, 0.0, 0.0, 1.0]
            ]
        },
        {
            "name": "Arm_R",
            "time": [0.0, 0.2, 0.35, 0.5333, 0.6833, 0.85, 0.9667, 1.1333, 1.25, 1.6],
            "transform": [
                [0.016005, 0.076948, -0.996907, -0.0, 0.894149, 0.445112, 0.048712, 0.393861, 0.447483, -0.892163, -0.061679, 0.0, 0.0, 0.0, 0.0, 1.0],
                [0.0022, 0.12584, -0.992048, -0.0, 0.669259, 0.736936, 0.094964, 0.393861, 0.743026, -0.664146, -0.082598, 0.0, 0.0, 0.0, 0.0, 1.0],
                [0.255947, -0.037607, -0.965959, -0.0, 0.773211, 0.607706, 0.181215, 0.393861, 0.580204, -0.793271, 0.184618, 0.0, 0.0, 0.0, 0.0, 1.0],
                [0.184946, -0.823539, -0.536264, 0.0, 0.659167, 0.508679, -0.553845, 0.393861, 0.728899, -0.251056, 0.636928, -0.0, 0.0, 0.0, 0.0, 1.0],
                [0.085129, -0.970195, -0.22688, 0.0, 0.164541, 0.238269, -0.957159, 0.39386, 0.98269, 0.044151, 0.179921, 0.0, 0.0, 0.0, 0.0, 1.0],
                [0.28722, -0.949398, -0.127077, -0.0, 0.047655, 0.146666, -0.988037, 0.393861, 0.956678, 0.277728, 0.087369, 0.0, 0.0, 0.0, 0.0, 1.0],
                [0.085129, -0.970195, -0.22688, 0.0, 0.164541, 0.238269, -0.957159, 0.39386, 0.98269, 0.044151, 0.179921, 0.0, 0.0, 0.0, 0.0, 1.0],
                [0.28722, -0.949398, -0.127077, -0.0, 0.047656, 0.146666, -0.988037, 0.39386, 0.956678, 0.277728, 0.087369, -0.0, 0.0, 0.0, 0.0, 1.0],
                [0.180574, -0.96667, -0.181501, 0.0, 0.094561, 0.200742, -0.97507, 0.393861, 0.979005, 0.15891, 0.127659, 0.0, 0.0, 0.0, 0.0, 1.0],
                [0.255947, -0.96667, 0.006399, -0.0, 0.773211, 0.200742, -0.601538, 0.39386, 0.580204, 0.158909, 0.798818, -0.0, 0.0, 0.0, 0.0, 1.0]
            ]
        },
        {
            "name": "Hand_R",
            "time": [0.0, 0.35, 0.5333, 0.6833, 1.25, 1.6],
            "transform": [
                [0.999998, -0.000654, 0.001702, -0.0, 0.000868, 0.99162, -0.129185, 0.3, -0.001603, 0.129186, 0.991619, -0.0, 0.0, 0.0, 0.0, 1.0],
                [0.999998, -0.000843, 0.001617, -0.0, 0.000868, 0.999882, -0.015341, 0.3, -0.001603, 0.015342, 0.999881, -0.0, 0.0, 0.0, 0.0, 1.0],
                [0.999998, 0.000238, 0.001807, -0.0, 0.000868, 0.809622, -0.586952, 0.3, -0.001603, 0.586952, 0.80962, 0.0, 0.0, 0.0, 0.0, 1.0],
                [0.999998, 0.00069, 0.001688, 0.0, 0.000868, 0.633709, -0.773571, 0.3, -0.001603, 0.773571, 0.633708, 0.0, 0.0, 0.0, 0.0, 1.0],
                [0.999998, 0.000645, 0.001705, -0.0, 0.000868, 0.653886, -0.756593, 0.3, -0.001603, 0.756593, 0.653884, 0.0, 0.0, 0.0, 0.0, 1.0],
                [0.999999, -0.000843, 0.001616, 0.0, 0.000868, 0.999882, -0.015341, 0.3, -0.001603, 0.015342, 0.999881, -0.0, 0.0, 0.0, 0.0, 1.0]
            ]
        },
        {
            "name": "Tool_R",
            "time": [0.0, 0.35, 1.25, 1.6],
            "transform": [
                [0.976086, -0.063799, 0.207812, 0.015054, -0.000916, -0.957162, -0.28955, 0.243316, 0.217254, 0.282258, -0.933781, 0.024459, 0.0, 0.0, 0.0, 1.0],
                [0.976086, -0.063799, 0.207811, 0.015054, -0.000916, -0.957162, -0.28955, 0.243316, 0.217254, 0.282258, -0.933781, 0.024459, 0.0, 0.0, 0.0, 1.0],
                [0.976086, -0.063799, 0.207811, 0.015054, -0.000916, -0.957162, -0.28955, 0.243316, 0.217254, 0.282258, -0.933781, 0.024459, 0.0, 0.0, 0.0, 1.0],
                [0.976086, -0.063799, 0.207812, 0.015054, -0.000916, -0.957162, -0.28955, 0.243316, 0.217254, 0.282258, -0.933781, 0.024459, 0.0, 0.0, 0.0, 1.0]
            ]
        },
        {
            "name": "Elbow_R",
            "time": [0.0, 0.35, 1.25, 1.6],
            "transform": [
                [-1.0, 0.0, 0.0, -0.0, 0.0, -0.0, -1.0, 0.341622, -0.0, -1.0, 0.0, -0.0, 0.0, 0.0, 0.0, 1.0],
                [-1.0, 0.0, -0.0, -0.0, 0.0, -0.0, -1.0, 0.341622, -0.0, -1.0, 0.0, -0.0, 0.0, 0.0, 0.0, 1.0],
                [-1.0, 0.0, -0.0, -0.0, 0.0, -0.0, -1.0, 0.341622, -0.0, -1.0, 0.0, 0.0, 0.0, 0.0, 0.0, 1.0],
                [-1.0, 0.0, -0.0, 0.0, 0.0, -0.0, -1.0, 0.341622, -0.0, -1.0, 0.0, -0.0, 0.0, 0.0, 0.0, 1.0]
            ]
        },
        {
            "name": "Shoulder_L",
            "time": [0.0, 0.35, 1.25, 1.6],
            "transform": [
                [-0.223566, -0.946611, -0.232262, -0.0, -0.022073, -0.233315, 0.972151, 0.4, -0.974439, 0.222466, 0.031267, -0.0, 0.0, 0.0, 0.0, 1.0],
                [0.183141, -0.955256, -0.232262, 0.0, 0.075281, -0.221937, 0.97215, 0.4, -0.9802, -0.195526, 0.031267, 0.0, 0.0, 0.0, 0.0, 1.0],
                [0.183141, -0.955256, -0.232262, 0.0, 0.075281, -0.221937, 0.97215, 0.4, -0.9802, -0.195526, 0.031267, 0.0, 0.0, 0.0, 0.0, 1.0],
                [0.183141, -0.955256, -0.232262, 0.0, 0.075281, -0.221937, 0.97215, 0.4, -0.9802, -0.195526, 0.031267, 0.0, 0.0, 0.0, 0.0, 1.0]
            ]
        },
        {
            "name": "Arm_L",
            "time": [0.0, 0.2, 0.35, 0.6833, 0.85, 0.9667, 1.1333, 1.25, 1.6],
            "transform": [
                [-0.500407, 0.200124, 0.842344, -0.0, -0.753024, 0.37952, -0.537512, 0.39386, -0.427255, -0.90328, -0.039216, 0.0, 0.0, 0.0, 0.0, 1.0],
                [-0.061784, -0.242618, 0.968153, -0.0, -0.837698, 0.539965, 0.081855, 0.39386, -0.542628, -0.805962, -0.236602, -0.0, 0.0, 0.0, 0.0, 1.0],
                [0.30926, 0.949377, 0.055153, -0.0, -0.837604, 0.299395, -0.456928, 0.39386, -0.450309, 0.095114, 0.887792, -0.0, 0.0, 0.0, 0.0, 1.0],
                [-0.083556, 0.987286, -0.135217, -0.0, -0.4442, -0.158366, -0.88182, 0.39386, -0.892023, -0.013618, 0.451785, 0.0, 0.0, 0.0, 0.0, 1.0],
                [-0.185265, 0.982579, -0.014675, -0.0, -0.456817, -0.099335, -0.883997, 0.39386, -0.870055, -0.15707, 0.467262, -0.0, 0.0, 0.0, 0.0, 1.0],
                [-0.083556, 0.987286, -0.135217, 0.0, -0.4442, -0.158367, -0.88182, 0.39386, -0.892023, -0.013618, 0.451785, -0.0, 0.0, 0.0, 0.0, 1.0],
                [-0.185265, 0.982579, -0.014675, 0.0, -0.456817, -0.099335, -0.883997, 0.39386, -0.870055, -0.15707, 0.467262, -0.0, 0.0, 0.0, 0.0, 1.0],
                [-0.167442, 0.98468, -0.048664, -0.0, -0.465624, -0.122494, -0.876464, 0.39386, -0.868998, -0.124098, 0.479001, 0.0, 0.0, 0.0, 0.0, 1.0],
                [0.30926, 0.949377, 0.055153, -0.0, -0.837604, 0.299395, -0.456928, 0.39386, -0.450309, 0.095114, 0.887792, -0.0, 0.0, 0.0, 0.0, 1.0]
            ]
        },
        {
            "name": "Hand_L",
            "time": [0.0, 0.2, 0.35, 0.6833, 1.25, 1.6],
            "transform": [
                [0.999993, -0.000878, -0.003694, -0.0, 0.000938, 0.999867, 0.016288, 0.3, 0.003679, -0.016291, 0.999861, -0.0, 0.0, 0.0, 0.0, 1.0],
                [0.999993, -0.002663, -0.002707, -0.0, 0.000938, 0.864068, -0.503374, 0.3, 0.003679, 0.503368, 0.864065, -0.0, 0.0, 0.0, 0.0, 1.0],
                [0.999993, -0.000758, -0.00372, 0.0, 0.000938, 0.998819, 0.04859, 0.3, 0.003679, -0.048593, 0.998812, -0.0, 0.0, 0.0, 0.0, 1.0],
                [0.999993, -0.002248, -0.00306, 0.0, 0.000938, 0.927222, -0.374511, 0.3, 0.003679, 0.374505, 0.927218, 0.0, 0.0, 0.0, 0.0, 1.0],
                [0.999993, -0.002212, -0.003085, 0.0, 0.000938, 0.931451, -0.363865, 0.3, 0.003679, 0.363859, 0.931447, -0.0, 0.0, 0.0, 0.0, 1.0],
                [0.999993, -0.000758, -0.00372, 0.0, 0.000938, 0.998819, 0.04859, 0.3, 0.003679, -0.048593, 0.998812, -0.0, 0.0, 0.0, 0.0, 1.0]
            ]
        },
        {
            "name": "Tool_L",
            "time": [0.0, 0.35, 1.25, 1.6],
            "transform": [
                [0.997004, 0.01104, -0.076554, 0.0, -0.036659, -0.804079, -0.593391, 0.272858, -0.068067, 0.594062, -0.8008, -0.0, 0.0, 0.0, 0.0, 1.0],
                [0.997004, 0.01104, -0.076554, 0.0, -0.036659, -0.804079, -0.593391, 0.272858, -0.068067, 0.594062, -0.8008, -0.0, 0.0, 0.0, 0.0, 1.0],
                [0.997004, 0.01104, -0.076554, 0.0, -0.036659, -0.804079, -0.593391, 0.272858, -0.068067, 0.594062, -0.8008, -0.0, 0.0, 0.0, 0.0, 1.0],
                [0.997004, 0.01104, -0.076554, 0.0, -0.036659, -0.804079, -0.593391, 0.272858, -0.068067, 0.594062, -0.8008, -0.0, 0.0, 0.0, 0.0, 1.0]
            ]
        },
        {
            "name": "Elbow_L",
            "time": [0.0, 0.35, 1.25, 1.6],
            "transform": [
                [-1.0, 0.0, -0.0, 2.7e-05, 0.0, -0.0, -1.0, 0.334302, -0.0, -1.0, -0.0, -0.002121, 0.0, 0.0, 0.0, 1.0],
                [-1.0, 0.0, -0.0, 2.7e-05, 0.0, -0.101913, -0.994793, 0.334301, -0.0, -0.994793, 0.101913, -0.002121, 0.0, 0.0, 0.0, 1.0],
                [-1.0, 0.0, 0.0, 2.7e-05, 0.0, -0.101913, -0.994793, 0.334301, -0.0, -0.994793, 0.101913, -0.002121, 0.0, 0.0, 0.0, 1.0],
                [-1.0, 0.0, -0.0, 2.7e-05, 0.0, -0.101913, -0.994793, 0.334301, -0.0, -0.994793, 0.101913, -0.002121, 0.0, 0.0, 0.0, 1.0]
            ]
        }
    ]
}