{
    "animation": [
        {
            "name": "Root",
            "time": [0.0, 6.1333, 12.5833, 12.8667, 13.45, 14.1833, 14.6833, 15.3],
            "transform": [
                [0.83712, 0.038271, -0.545678, -0.036862, -0.452173, -0.51298, -0.729652, 0.01049, -0.307846, 0.857547, -0.412121, 0.05652, 0.0, 0.0, 0.0, 1.0],
                [0.83712, 0.038271, -0.545678, -0.036862, -0.452173, -0.51298, -0.729652, 0.01049, -0.307846, 0.857547, -0.412121, 0.05652, 0.0, 0.0, 0.0, 1.0],
                [0.83712, 0.038271, -0.545678, -0.036862, -0.452173, -0.51298, -0.729652, 0.01049, -0.307846, 0.857547, -0.412121, 0.05652, 0.0, 0.0, 0.0, 1.0],
                [0.83712, 0.038271, -0.545678, -0.036862, -0.452173, -0.51298, -0.729652, 0.01049, -0.307846, 0.857547, -0.412121, 0.05652, 0.0, 0.0, 0.0, 1.0],
                [0.83712, 0.038271, -0.545678, -0.036862, -0.452173, -0.51298, -0.729652, 0.01049, -0.307846, 0.857547, -0.412121, 0.05652, 0.0, 0.0, 0.0, 1.0],
                [0.83712, 0.038271, -0.545678, -0.036862, -0.452173, -0.51298, -0.729652, 0.01049, -0.307846, 0.857547, -0.412121, 0.05652, 0.0, 0.0, 0.0, 1.0],
                [0.83712, 0.038271, -0.545678, -0.036862, -0.452173, -0.51298, -0.729652, 0.01049, -0.307846, 0.857547, -0.412121, 0.05652, 0.0, 0.0, 0.0, 1.0],
                [0.83712, 0.038271, -0.545678, -0.036862, -0.452173, -0.51298, -0.729652, 0.01049, -0.307846, 0.857547, -0.412121, 0.05652, 0.0, 0.0, 0.0, 1.0]
            ]
        },
        {
            "name": "Thigh_R",
            "time": [0.0, 6.1333, 12.5833, 12.8667, 13.45, 14.1833, 14.6833, 15.3],
            "transform": [
                [0.990685, -0.092363, -0.100061, 0.125366, 0.118017, 0.215773, 0.969286, 0.023447, -0.067936, -0.972065, 0.224663, -0.084057, 0.0, 0.0, 0.0, 1.0],
                [0.990685, -0.092363, -0.100061, 0.125366, 0.118017, 0.215773, 0.969286, 0.023447, -0.067936, -0.972065, 0.224663, -0.084057, 0.0, 0.0, 0.0, 1.0],
                [0.990685, -0.092363, -0.100061, 0.125366, 0.118017, 0.215773, 0.969286, 0.023447, -0.067936, -0.972065, 0.224663, -0.084057, 0.0, 0.0, 0.0, 1.0],
                [0.990685, -0.092363, -0.100061, 0.125366, 0.118017, 0.215773, 0.969286, 0.023447, -0.067936, -0.972065, 0.224663, -0.084057, 0.0, 0.0, 0.0, 1.0],
                [0.990685, -0.092363, -0.100061, 0.125366, 0.118017, 0.215773, 0.969286, 0.023447, -0.067936, -0.972065, 0.224663, -0.084057, 0.0, 0.0, 0.0, 1.0],
                [0.990685, -0.092363, -0.100061, 0.125366, 0.118017, 0.215773, 0.969286, 0.023447, -0.067936, -0.972065, 0.224663, -0.084057, 0.0, 0.0, 0.0, 1.0],
                [0.990685, -0.092363, -0.100061, 0.125366, 0.118017, 0.215773, 0.969286, 0.023447, -0.067936, -0.972065, 0.224663, -0.084057, 0.0, 0.0, 0.0, 1.0],
                [0.990685, -0.092363, -0.100061, 0.125366, 0.118017, 0.215773, 0.969286, 0.023447, -0.067936, -0.972065, 0.224663, -0.084057, 0.0, 0.0, 0.0, 1.0]
            ]
        },
        {
            "name": "Leg_R",
            "time": [0.0, 6.1333, 12.5833, 12.8667, 13.45, 14.1833, 14.6833, 15.3],
            "transform": [
                [1.0, -1e-06, 0.0, -0.0, -0.0, -0.325775, 0.945447, 0.37472, -1e-06, -0.945448, -0.325775, -0.0, 0.0, 0.0, 0.0, 1.0],
                [1.0, -1e-06, 0.0, -0.0, -0.0, -0.325775, 0.945447, 0.37472, -1e-06, -0.945448, -0.325775, -0.0, 0.0, 0.0, 0.0, 1.0],
                [1.0, -1e-06, 0.0, -0.0, -0.0, -0.325775, 0.945447, 0.37472, -1e-06, -0.945448, -0.325775, -0.0, 0.0, 0.0, 0.0, 1.0],
                [1.0, -1e-06, 0.0, -0.0, -0.0, -0.325775, 0.945447, 0.37472, -1e-06, -0.945448, -0.325775, -0.0, 0.0, 0.0, 0.0, 1.0],
                [1.0, -1e-06, 0.0, -0.0, -0.0, -0.325775, 0.945447, 0.37472, -1e-06, -0.945448, -0.325775, -0.0, 0.0, 0.0, 0.0, 1.0],
                [1.0, -1e-06, 0.0, -0.0, -0.0, -0.325775, 0.945447, 0.37472, -1e-06, -0.945448, -0.325775, -0.0, 0.0, 0.0, 0.0, 1.0],
                [1.0, -1e-06, 0.0, -0.0, -0.0, -0.325775, 0.945447, 0.37472, -1e-06, -0.945448, -0.325775, -0.0, 0.0, 0.0, 0.0, 1.0],
                [1.0, -1e-06, 0.0, -0.0, -0.0, -0.325775, 0.945447, 0.37472, -1e-06, -0.945448, -0.325775, -0.0, 0.0, 0.0, 0.0, 1.0]
            ]
        },
        {
            "name": "Knee_R",
            "time": [0.0, 6.1333, 12.5833, 12.8667, 13.45, 14.1833, 14.6833, 15.3],
            "transform": [
                [1.0, 0.0, -0.0, -0.0, -0.0, 1e-06, -1.0, 0.37472, -0.0, 1.0, 1e-06, -0.0, 0.0, 0.0, 0.0, 1.0],
                [1.0, 0.0, -0.0, -0.0, -0.0, 1e-06, -1.0, 0.37472, -0.0, 1.0, 1e-06, -0.0, 0.0, 0.0, 0.0, 1.0],
                [1.0, 0.0, -0.0, -0.0, -0.0, 1e-06, -1.0, 0.37472, -0.0, 1.0, 1e-06, -0.0, 0.0, 0.0, 0.0, 1.0],
                [1.0, 0.0, -0.0, -0.0, -0.0, 1e-06, -1.0, 0.37472, -0.0, 1.0, 1e-06, -0.0, 0.0, 0.0, 0.0, 1.0],
                [1.0, 0.0, -0.0, -0.0, -0.0, 1e-06, -1.0, 0.37472, -0.0, 1.0, 1e-06, -0.0, 0.0, 0.0, 0.0, 1.0],
                [1.0, 0.0, -0.0, -0.0, -0.0, 1e-06, -1.0, 0.37472, -0.0, 1.0, 1e-06, -0.0, 0.0, 0.0, 0.0, 1.0],
                [1.0, 0.0, -0.0, -0.0, -0.0, 1e-06, -1.0, 0.37472, -0.0, 1.0, 1e-06, -0.0, 0.0, 0.0, 0.0, 1.0],
                [1.0, 0.0, -0.0, -0.0, -0.0, 1e-06, -1.0, 0.37472, -0.0, 1.0, 1e-06, -0.0, 0.0, 0.0, 0.0, 1.0]
            ]
        },
        {
            "name": "Thigh_L",
            "time": [0.0, 6.1333, 12.5833, 12.8667, 13.45, 14.1833, 14.6833, 15.3],
            "transform": [
                [0.724837, -0.67909, 0.115963, -0.125006, -0.00526, 0.162865, 0.986634, -0.002831, -0.688899, -0.71576, 0.114478, -1.2e-05, 0.0, 0.0, 0.0, 1.0],
                [0.724837, -0.68779, 0.039429, -0.125006, -0.00526, 0.051705, 0.998648, -0.002831, -0.688899, -0.724066, 0.03386, -1.2e-05, 0.0, 0.0, 0.0, 1.0],
                [0.724837, -0.67909, 0.115963, -0.125006, -0.00526, 0.162865, 0.986634, -0.002831, -0.688899, -0.71576, 0.114478, -1.2e-05, 0.0, 0.0, 0.0, 1.0],
                [0.724837, -0.67909, 0.115963, -0.125006, -0.00526, 0.162865, 0.986634, -0.002831, -0.688899, -0.71576, 0.114478, -1.2e-05, 0.0, 0.0, 0.0, 1.0],
                [0.724837, -0.67909, 0.115963, -0.125006, -0.00526, 0.162865, 0.986634, -0.002831, -0.688899, -0.71576, 0.114478, -1.2e-05, 0.0, 0.0, 0.0, 1.0],
                [0.724837, -0.67909, 0.115963, -0.125006, -0.00526, 0.162865, 0.986634, -0.002831, -0.688899, -0.71576, 0.114478, -1.2e-05, 0.0, 0.0, 0.0, 1.0],
                [0.724837, -0.67909, 0.115963, -0.125006, -0.00526, 0.162865, 0.986634, -0.002831, -0.688899, -0.71576, 0.114478, -1.2e-05, 0.0, 0.0, 0.0, 1.0],
                [0.724837, -0.67909, 0.115963, -0.125006, -0.00526, 0.162865, 0.986634, -0.002831, -0.688899, -0.71576, 0.114478, -1.2e-05, 0.0, 0.0, 0.0, 1.0]
            ]
        },
        {
            "name": "Leg_L",
            "time": [0.0, 6.1333, 12.5833, 12.8667, 13.45, 14.1833, 14.6833, 15.3],
            "transform": [
                [0.998576, -0.003585, 0.053223, -0.0, -0.0516, -0.317925, 0.946711, 0.37472, 0.013527, -0.948109, -0.317658, 0.0, 0.0, 0.0, 0.0, 1.0],
                [0.998576, 0.015952, 0.050902, -0.0, -0.0516, 0.046868, 0.997568, 0.37472, 0.013527, -0.998773, 0.047625, -0.0, 0.0, 0.0, 0.0, 1.0],
                [0.998576, -0.003585, 0.053223, -0.0, -0.0516, -0.317925, 0.946711, 0.37472, 0.013527, -0.948109, -0.317658, 0.0, 0.0, 0.0, 0.0, 1.0],
                [0.998576, -0.003585, 0.053223, -0.0, -0.0516, -0.317925, 0.946711, 0.37472, 0.013527, -0.948109, -0.317658, 0.0, 0.0, 0.0, 0.0, 1.0],
                [0.998576, -0.003585, 0.053223, -0.0, -0.0516, -0.317925, 0.946711, 0.37472, 0.013527, -0.948109, -0.317658, 0.0, 0.0, 0.0, 0.0, 1.0],
                [0.998576, -0.003585, 0.053223, -0.0, -0.0516, -0.317925, 0.946711, 0.37472, 0.013527, -0.948109, -0.317658, 0.0, 0.0, 0.0, 0.0, 1.0],
                [0.998576, -0.003585, 0.053223, -0.0, -0.0516, -0.317925, 0.946711, 0.37472, 0.013527, -0.948109, -0.317658, 0.0, 0.0, 0.0, 0.0, 1.0],
                [0.998576, -0.003585, 0.053223, -0.0, -0.0516, -0.317925, 0.946711, 0.37472, 0.013527, -0.948109, -0.317658, 0.0, 0.0, 0.0, 0.0, 1.0]
            ]
        },
        {
            "name": "Knee_L",
            "time": [0.0, 6.1333, 12.5833, 12.8667, 13.45, 14.1833, 14.6833, 15.3],
            "transform": [
                [1.0, 0.0, -0.0, -0.0, -1e-06, 0.754007, -0.656866, 0.37472, -0.0, 0.656866, 0.754007, 0.0, 0.0, 0.0, 0.0, 1.0],
                [1.0, 0.0, -0.0, -0.0, -1e-06, 0.754007, -0.656866, 0.37472, -0.0, 0.656866, 0.754007, -0.0, 0.0, 0.0, 0.0, 1.0],
                [1.0, 0.0, -0.0, -0.0, -1e-06, 0.754007, -0.656866, 0.37472, -0.0, 0.656866, 0.754007, 0.0, 0.0, 0.0, 0.0, 1.0],
                [1.0, 0.0, -0.0, -0.0, -1e-06, 0.754007, -0.656866, 0.37472, -0.0, 0.656866, 0.754007, 0.0, 0.0, 0.0, 0.0, 1.0],
                [1.0, 0.0, -0.0, -0.0, -1e-06, 0.754007, -0.656866, 0.37472, -0.0, 0.656866, 0.754007, 0.0, 0.0, 0.0, 0.0, 1.0],
                [1.0, 0.0, -0.0, -0.0, -1e-06, 0.754007, -0.656866, 0.37472, -0.0, 0.656866, 0.754007, 0.0, 0.0, 0.0, 0.0, 1.0],
                [1.0, 0.0, -0.0, -0.0, -1e-06, 0.754007, -0.656866, 0.37472, -0.0, 0.656866, 0.754007, 0.0, 0.0, 0.0, 0.0, 1.0],
                [1.0, 0.0, -0.0, -0.0, -1e-06, 0.754007, -0.656866, 0.37472, -0.0, 0.656866, 0.754007, 0.0, 0.0, 0.0, 0.0, 1.0]
            ]
        },
        {
            "name": "Torso",
            "time": [0.0, 6.1333, 12.5833, 12.8667, 13.45, 14.1833, 14.6833, 15.3],
            "transform": [
                [0.893002, -0.319684, 0.316781, 0.0, 0.115002, 0.842594, 0.526128, 0.05, -0.435112, -0.433403, 0.789202, -0.0, 0.0, 0.0, 0.0, 1.0],
                [0.893002, -0.319684, 0.316781, 0.0, 0.115002, 0.842594, 0.526128, 0.05, -0.435112, -0.433403, 0.789202, -0.0, 0.0, 0.0, 0.0, 1.0],
                [0.893002, -0.319684, 0.316781, 0.0, 0.115002, 0.842594, 0.526128, 0.05, -0.435112, -0.433403, 0.789202, -0.0, 0.0, 0.0, 0.0, 1.0],
                [0.893002, -0.30747, 0.328649, 0.0, 0.115002, 0.861896, 0.493873, 0.05, -0.435112, -0.403234, 0.805034, -0.0, 0.0, 0.0, 0.0, 1.0],
                [0.893002, -0.303086, 0.332696, 0.0, 0.115002, 0.868368, 0.482403, 0.05, -0.435112, -0.392526, 0.810309, -0.0, 0.0, 0.0, 0.0, 1.0],
                [0.893002, -0.303086, 0.332696, 0.0, 0.115002, 0.868368, 0.482403, 0.05, -0.435112, -0.392526, 0.810309, -0.0, 0.0, 0.0, 0.0, 1.0],
                [0.893002, -0.305228, 0.330733, 0.0, 0.115002, 0.865235, 0.487999, 0.05, -0.435112, -0.397749, 0.807758, -0.0, 0.0, 0.0, 0.0, 1.0],
                [0.893002, -0.319684, 0.316781, 0.0, 0.115002, 0.842594, 0.526128, 0.05, -0.435112, -0.433403, 0.789202, -0.0, 0.0, 0.0, 0.0, 1.0]
            ]
        },
        {
            "name": "Chest",
            "time": [0.0, 1.8167, 3.5667, 6.1333, 9.1833, 10.8167, 12.5833, 12.8667, 13.45, 14.1833, 14.6833, 15.3],
            "transform": [
                [0.999941, -0.009539, -0.005207, 0.0, 0.009915, 0.996916, 0.077843, 0.3, 0.004449, -0.07789, 0.996952, -0.0, 0.0, 0.0, 0.0, 1.0],
                [0.999941, -0.009173, -0.005828, 0.0, 0.009915, 0.989573, 0.143687, 0.3, 0.004449, -0.143737, 0.989606, -0.0, 0.0, 0.0, 0.0, 1.0],
                [0.999941, -0.009862, -0.004565, 0.0, 0.009915, 0.999882, 0.011735, 0.3, 0.004449, -0.01178, 0.999921, -0.0, 0.0, 0.0, 0.0, 1.0],
                [0.999941, -0.009539, -0.005207, 0.0, 0.009915, 0.996916, 0.077843, 0.3, 0.004449, -0.07789, 0.996952, -0.0, 0.0, 0.0, 0.0, 1.0],
                [0.999941, -0.009173, -0.005828, 0.0, 0.009915, 0.989573, 0.143687, 0.3, 0.004449, -0.143737, 0.989606, -0.0, 0.0, 0.0, 0.0, 1.0],
                [0.999941, -0.009862, -0.004565, 0.0, 0.009915, 0.999882, 0.011735, 0.3, 0.004449, -0.01178, 0.999921, -0.0, 0.0, 0.0, 0.0, 1.0],
                [0.999941, -0.009539, -0.005207, 0.0, 0.009915, 0.996916, 0.077843, 0.3, 0.004449, -0.07789, 0.996952, -0.0, 0.0, 0.0, 0.0, 1.0],
                [0.999941, -0.00903, -0.006046, -0.0, 0.009915, 0.985835, 0.167425, 0.3, 0.004449, -0.167475, 0.985866, 0.0, 0.0, 0.0, 0.0, 1.0],
                [0.999941, -0.008835, -0.006329, -0.0, 0.009915, 0.980048, 0.198515, 0.3, 0.004449, -0.198566, 0.980078, 0.0, 0.0, 0.0, 0.0, 1.0],
                [0.999941, -0.008835, -0.006329, -0.0, 0.009915, 0.980048, 0.198515, 0.3, 0.004449, -0.198566, 0.980078, 0.0, 0.0, 0.0, 0.0, 1.0],
                [0.999941, -0.008931, -0.006192, -0.0, 0.009915, 0.982988, 0.1834, 0.3, 0.004449, -0.183451, 0.983019, -0.0, 0.0, 0.0, 0.0, 1.0],
                [0.999941, -0.009539, -0.005207, 0.0, 0.009915, 0.996916, 0.077843, 0.3, 0.004449, -0.07789, 0.996952, -0.0, 0.0, 0.0, 0.0, 1.0]
            ]
        },
        {
            "name": "Head",
            "time": [0.0, 1.8167, 3.5667, 6.1333, 9.1833, 10.8167, 12.5833, 12.8667, 13.45, 14.1833, 14.6833, 15.3],
            "transform": [
                [0.995725, 0.037721, 0.084313, 0.0, -0.033349, 0.998055, -0.052674, 0.4, -0.086135, 0.049637, 0.995046, 0.0, 0.0, 0.0, 0.0, 1.0],
                [0.995725, 0.039651, 0.083422, 0.0, -0.033349, 0.996579, -0.07562, 0.4, -0.086135, 0.072515, 0.993641, 0.0, 0.0, 0.0, 0.0, 1.0],
                [0.995725, 0.033813, 0.085955, 0.0, -0.033349, 0.99942, -0.006822, 0.4, -0.086135, 0.003927, 0.996276, 0.0, 0.0, 0.0, 0.0, 1.0],
                [0.995725, 0.037721, 0.084313, 0.0, -0.033349, 0.998055, -0.052674, 0.4, -0.086135, 0.049637, 0.995046, 0.0, 0.0, 0.0, 0.0, 1.0],
                [0.995725, 0.039651, 0.083422, 0.0, -0.033349, 0.996579, -0.07562, 0.4, -0.086135, 0.072515, 0.993641, 0.0, 0.0, 0.0, 0.0, 1.0],
                [0.995725, 0.033813, 0.085955, 0.0, -0.033349, 0.99942, -0.006822, 0.4, -0.086135, 0.003927, 0.996276, 0.0, 0.0, 0.0, 0.0, 1.0],
                [0.995725, 0.037721, 0.084313, 0.0, -0.033349, 0.998055, -0.052674, 0.4, -0.086135, 0.049637, 0.995046, 0.0, 0.0, 0.0, 0.0, 1.0],
                [0.995725, 0.027519, 0.088173, 0.0, -0.03335, 0.997304, 0.065357, 0.4, -0.086137, -0.068019, 0.993959, 0.0, 0.0, 0.0, 0.0, 1.0],
                [0.995725, 0.024004, 0.089192, 0.0, -0.033349, 0.993933, 0.104809, 0.4, -0.086135, -0.107335, 0.990485, 0.0, 0.0, 0.0, 0.0, 1.0],
                [0.995725, 0.024004, 0.089192, 0.0, -0.033349, 0.993933, 0.104809, 0.4, -0.086135, -0.107335, 0.990485, 0.0, 0.0, 0.0, 0.0, 1.0],
                [0.995725, 0.025776, 0.088697, -0.0, -0.033349, 0.995824, 0.084988, 0.4, -0.086135, -0.087582, 0.992426, 0.0, 0.0, 0.0, 0.0, 1.0],
                [0.995725, 0.037721, 0.084313, 0.0, -0.033349, 0.998055, -0.052674, 0.4, -0.086135, 0.049637, 0.995046, 0.0, 0.0, 0.0, 0.0, 1.0]
            ]
        },
        {
            "name": "Shoulder_R",
            "time": [0.0, 6.1333, 12.5833, 12.8667, 13.45, 14.1833, 14.6833, 15.3],
            "transform": [
                [0.368566, 0.843342, 0.391067, 0.0, -0.076529, -0.391728, 0.916893, 0.4, 0.926446, -0.367864, -0.079837, 0.0, 0.0, 0.0, 0.0, 1.0],
                [0.368566, 0.843342, 0.391067, 0.0, -0.076529, -0.391728, 0.916893, 0.4, 0.926446, -0.367864, -0.079837, 0.0, 0.0, 0.0, 0.0, 1.0],
                [0.368566, 0.843342, 0.391067, 0.0, -0.076529, -0.391728, 0.916893, 0.4, 0.926446, -0.367864, -0.079837, 0.0, 0.0, 0.0, 0.0, 1.0],
                [0.368566, 0.843342, 0.391067, 0.0, -0.076529, -0.391728, 0.916893, 0.4, 0.926446, -0.367864, -0.079837, 0.0, 0.0, 0.0, 0.0, 1.0],
                [0.368566, 0.843342, 0.391067, 0.0, -0.076529, -0.391728, 0.916893, 0.4, 0.926446, -0.367863, -0.079837, 0.0, 0.0, 0.0, 0.0, 1.0],
                [0.368566, 0.843342, 0.391067, 0.0, -0.076529, -0.391728, 0.916893, 0.4, 0.926446, -0.367863, -0.079837, 0.0, 0.0, 0.0, 0.0, 1.0],
                [0.368566, 0.843342, 0.391067, -0.0, -0.076529, -0.391728, 0.916893, 0.4, 0.926446, -0.367863, -0.079837, 0.0, 0.0, 0.0, 0.0, 1.0],
                [0.368566, 0.843342, 0.391067, 0.0, -0.076529, -0.391728, 0.916893, 0.4, 0.926446, -0.367864, -0.079837, 0.0, 0.0, 0.0, 0.0, 1.0]
            ]
        },
        {
            "name": "Arm_R",
            "time": [0.0, 1.8167, 3.5667, 6.1333, 9.1833, 10.8167, 12.5833, 12.8667, 13.45, 13.6167, 13.7833, 13.9, 14.0667, 14.1833, 14.6833, 15.3],
            "transform": [
                [0.255947, -0.96667, 0.006399, -0.0, 0.773211, 0.200742, -0.601538, 0.39386, 0.580204, 0.158909, 0.798818, -0.0, 0.0, 0.0, 0.0, 1.0],
                [0.255946, -0.965742, 0.04283, -0.0, 0.773211, 0.177927, -0.608677, 0.39386, 0.580204, 0.188905, 0.792261, -0.0, 0.0, 0.0, 0.0, 1.0],
                [0.255947, -0.959599, -0.11688, 0.0, 0.773211, 0.275786, -0.571041, 0.393861, 0.580204, 0.055783, 0.812559, -0.0, 0.0, 0.0, 0.0, 1.0],
                [0.255947, -0.96667, 0.006399, -0.0, 0.773211, 0.200742, -0.601538, 0.39386, 0.580204, 0.158909, 0.798818, -0.0, 0.0, 0.0, 0.0, 1.0],
                [0.255946, -0.965742, 0.04283, -0.0, 0.773211, 0.177927, -0.608677, 0.39386, 0.580204, 0.188905, 0.792261, -0.0, 0.0, 0.0, 0.0, 1.0],
                [0.255947, -0.959599, -0.11688, 0.0, 0.773211, 0.275786, -0.571041, 0.393861, 0.580204, 0.055783, 0.812559, -0.0, 0.0, 0.0, 0.0, 1.0],
                [0.255947, -0.96667, 0.006399, -0.0, 0.773211, 0.200742, -0.601538, 0.39386, 0.580204, 0.158909, 0.798818, -0.0, 0.0, 0.0, 0.0, 1.0],
                [0.235594, -0.965305, -0.112607, 0.0, 0.322047, 0.186866, -0.928098, 0.393861, 0.916941, 0.18239, 0.354898, -0.0, 0.0, 0.0, 0.0, 1.0],
                [0.180574, -0.96667, -0.181501, 0.0, 0.094561, 0.200742, -0.97507, 0.393861, 0.979005, 0.15891, 0.127659, 0.0, 0.0, 0.0, 0.0, 1.0],
                [0.085129, -0.970195, -0.22688, 0.0, 0.164541, 0.238269, -0.957159, 0.393861, 0.98269, 0.044151, 0.179921, 0.0, 0.0, 0.0, 0.0, 1.0],
                [0.28722, -0.949398, -0.127077, 0.0, 0.047655, 0.146666, -0.988037, 0.393861, 0.956678, 0.277728, 0.087369, 0.0, 0.0, 0.0, 0.0, 1.0],
                [0.085129, -0.970195, -0.22688, 0.0, 0.164541, 0.238269, -0.957159, 0.393861, 0.98269, 0.044151, 0.179921, 0.0, 0.0, 0.0, 0.0, 1.0],
                [0.28722, -0.949398, -0.127077, 0.0, 0.047655, 0.146666, -0.988037, 0.393861, 0.956678, 0.277728, 0.087369, 0.0, 0.0, 0.0, 0.0, 1.0],
                [0.180574, -0.96667, -0.181501, 0.0, 0.094561, 0.200742, -0.97507, 0.393861, 0.979005, 0.15891, 0.127659, 0.0, 0.0, 0.0, 0.0, 1.0],
                [0.164665, -0.973888, -0.156292, 0.0, 0.319803, 0.202609, -0.925568, 0.39386, 0.933066, 0.102426, 0.344815, -0.0, 0.0, 0.0, 0.0, 1.0],
                [0.255947, -0.96667, 0.006399, -0.0, 0.773211, 0.200742, -0.601538, 0.39386, 0.580204, 0.158909, 0.798818, -0.0, 0.0, 0.0, 0.0, 1.0]
            ]
        },
        {
            "name": "Hand_R",
            "time": [0.0, 6.1333, 12.5833, 12.8667, 13.45, 14.1833, 14.6833, 15.3],
            "transform": [
                [0.999999, -0.000843, 0.001616, 0.0, 0.000868, 0.999882, -0.015341, 0.3, -0.001603, 0.015342, 0.999881, -0.0, 0.0, 0.0, 0.0, 1.0],
                [0.999999, -0.000843, 0.001616, 0.0, 0.000868, 0.999882, -0.015341, 0.3, -0.001603, 0.015342, 0.999881, -0.0, 0.0, 0.0, 0.0, 1.0],
                [0.999999, -0.000843, 0.001616, 0.0, 0.000868, 0.999882, -0.015341, 0.3, -0.001603, 0.015342, 0.999881, -0.0, 0.0, 0.0, 0.0, 1.0],
                [0.999998, 0.000264, 0.001804, -0.0, 0.000868, 0.801046, -0.598602, 0.3, -0.001603, 0.598602, 0.801045, -0.0, 0.0, 0.0, 0.0, 1.0],
                [0.999998, 0.000645, 0.001705, -0.0, 0.000868, 0.653886, -0.756593, 0.3, -0.001603, 0.756593, 0.653884, 0.0, 0.0, 0.0, 0.0, 1.0],
                [0.999998, 0.000645, 0.001705, -0.0, 0.000868, 0.653886, -0.756593, 0.3, -0.001603, 0.756593, 0.653884, 0.0, 0.0, 0.0, 0.0, 1.0],
                [0.999998, 0.000464, 0.001763, 0.0, 0.000868, 0.729186, -0.684315, 0.3, -0.001603, 0.684315, 0.729185, -0.0, 0.0, 0.0, 0.0, 1.0],
                [0.999999, -0.000843, 0.001616, 0.0, 0.000868, 0.999882, -0.015341, 0.3, -0.001603, 0.015342, 0.999881, -0.0, 0.0, 0.0, 0.0, 1.0]
            ]
        },
        {
            "name": "Tool_R",
            "time": [0.0, 6.1333, 12.5833, 12.8667, 13.45, 14.1833, 14.6833, 15.3],
            "transform": [
                [0.976086, -0.063799, 0.207812, 0.015054, -0.000916, -0.957162, -0.28955, 0.243316, 0.217254, 0.282258, -0.933781, 0.024459, 0.0, 0.0, 0.0, 1.0],
                [0.976086, -0.063799, 0.207812, 0.015054, -0.000916, -0.957162, -0.28955, 0.243316, 0.217254, 0.282258, -0.933781, 0.024459, 0.0, 0.0, 0.0, 1.0],
                [0.976086, -0.063799, 0.207812, 0.015054, -0.000916, -0.957162, -0.28955, 0.243316, 0.217254, 0.282258, -0.933781, 0.024459, 0.0, 0.0, 0.0, 1.0],
                [0.976086, -0.063799, 0.207812, 0.015054, -0.000916, -0.957162, -0.28955, 0.243316, 0.217254, 0.282258, -0.933782, 0.024459, 0.0, 0.0, 0.0, 1.0],
                [0.976086, -0.063799, 0.207811, 0.015054, -0.000916, -0.957162, -0.28955, 0.243316, 0.217254, 0.282258, -0.933781, 0.024459, 0.0, 0.0, 0.0, 1.0],
                [0.976086, -0.063799, 0.207811, 0.015054, -0.000916, -0.957162, -0.28955, 0.243316, 0.217254, 0.282258, -0.933781, 0.024459, 0.0, 0.0, 0.0, 1.0],
                [0.976086, -0.063799, 0.207812, 0.015054, -0.000916, -0.957162, -0.28955, 0.243316, 0.217254, 0.282258, -0.933781, 0.024459, 0.0, 0.0, 0.0, 1.0],
                [0.976086, -0.063799, 0.207812, 0.015054, -0.000916, -0.957162, -0.28955, 0.243316, 0.217254, 0.282258, -0.933781, 0.024459, 0.0, 0.0, 0.0, 1.0]
            ]
        },
        {
            "name": "Elbow_R",
            "time": [0.0, 6.1333, 12.5833, 12.8667, 13.45, 14.1833, 14.6833, 15.3],
            "transform": [
                [-1.0, 0.0, -0.0, 0.0, 0.0, -0.0, -1.0, 0.341622, -0.0, -1.0, 0.0, -0.0, 0.0, 0.0, 0.0, 1.0],
                [-1.0, 0.0, -0.0, 0.0, 0.0, -0.0, -1.0, 0.341622, -0.0, -1.0, 0.0, -0.0, 0.0, 0.0, 0.0, 1.0],
                [-1.0, 0.0, -0.0, 0.0, 0.0, -0.0, -1.0, 0.341622, -0.0, -1.0, 0.0, -0.0, 0.0, 0.0, 0.0, 1.0],
                [-1.0, 0.0, -0.0, -0.0, 0.0, -0.0, -1.0, 0.341622, -0.0, -1.0, 0.0, -0.0, 0.0, 0.0, 0.0, 1.0],
                [-1.0, 0.0, -0.0, -0.0, 0.0, -0.0, -1.0, 0.341622, -0.0, -1.0, 0.0, 0.0, 0.0, 0.0, 0.0, 1.0],
                [-1.0, 0.0, -0.0, -0.0, 0.0, -0.0, -1.0, 0.341622, -0.0, -1.0, 0.0, 0.0, 0.0, 0.0, 0.0, 1.0],
                [-1.0, 0.0, -0.0, 0.0, 0.0, -0.0, -1.0, 0.341622, -0.0, -1.0, 0.0, -0.0, 0.0, 0.0, 0.0, 1.0],
                [-1.0, 0.0, -0.0, 0.0, 0.0, -0.0, -1.0, 0.341622, -0.0, -1.0, 0.0, -0.0, 0.0, 0.0, 0.0, 1.0]
            ]
        },
        {
            "name": "Shoulder_L",
            "time": [0.0, 6.1333, 12.5833, 12.8667, 13.45, 14.1833, 14.6833, 15.3],
            "transform": [
                [0.183141, -0.955256, -0.232262, 0.0, 0.075281, -0.221937, 0.97215, 0.4, -0.9802, -0.195526, 0.031267, 0.0, 0.0, 0.0, 0.0, 1.0],
                [0.183141, -0.955256, -0.232262, 0.0, 0.075281, -0.221937, 0.97215, 0.4, -0.9802, -0.195526, 0.031267, 0.0, 0.0, 0.0, 0.0, 1.0],
                [0.183141, -0.955256, -0.232262, 0.0, 0.075281, -0.221937, 0.97215, 0.4, -0.9802, -0.195526, 0.031267, 0.0, 0.0, 0.0, 0.0, 1.0],
                [0.183141, -0.955256, -0.232262, 0.0, 0.075281, -0.221937, 0.972151, 0.4, -0.9802, -0.195526, 0.031267, 0.0, 0.0, 0.0, 0.0, 1.0],
                [0.183141, -0.955256, -0.232262, 0.0, 0.075281, -0.221937, 0.97215, 0.4, -0.9802, -0.195526, 0.031267, 0.0, 0.0, 0.0, 0.0, 1.0],
                [0.183141, -0.955256, -0.232262, 0.0, 0.075281, -0.221937, 0.97215, 0.4, -0.9802, -0.195526, 0.031267, 0.0, 0.0, 0.0, 0.0, 1.0],
                [0.183141, -0.955256, -0.232262, -0.0, 0.075281, -0.221937, 0.97215, 0.4, -0.9802, -0.195526, 0.031267, 0.0, 0.0, 0.0, 0.0, 1.0],
                [0.183141, -0.955256, -0.232262, 0.0, 0.075281, -0.221937, 0.97215, 0.4, -0.9802, -0.195526, 0.031267, 0.0, 0.0, 0.0, 0.0, 1.0]
            ]
        },
        {
            "name": "Arm_L",
            "time": [0.0, 1.8167, 3.5667, 6.1333, 9.1833, 10.8167, 12.5833, 12.8667, 13.45, 13.6167, 13.7833, 13.9, 14.0667, 14.1833, 14.6833, 15.3],
            "transform": [
                [0.30926, 0.949377, 0.055153, -0.0, -0.837604, 0.299395, -0.456928, 0.39386, -0.450309, 0.095114, 0.887792, -0.0, 0.0, 0.0, 0.0, 1.0],
                [0.30926, 0.950823, -0.017132, -0.0, -0.837604, 0.263816, -0.478352, 0.39386, -0.450309, 0.162285, 0.878001, 0.0, 0.0, 0.0, 0.0, 1.0],
                [0.30926, 0.938615, 0.152836, -0.0, -0.837604, 0.344952, -0.423589, 0.39386, -0.450309, 0.002983, 0.892868, 0.0, 0.0, 0.0, 0.0, 1.0],
                [0.30926, 0.949377, 0.055153, -0.0, -0.837604, 0.299395, -0.456928, 0.39386, -0.450309, 0.095114, 0.887792, -0.0, 0.0, 0.0, 0.0, 1.0],
                [0.30926, 0.950823, -0.017132, -0.0, -0.837604, 0.263816, -0.478352, 0.39386, -0.450309, 0.162285, 0.878001, 0.0, 0.0, 0.0, 0.0, 1.0],
                [0.30926, 0.938615, 0.152836, -0.0, -0.837604, 0.344952, -0.423589, 0.39386, -0.450309, 0.002983, 0.892868, 0.0, 0.0, 0.0, 0.0, 1.0],
                [0.30926, 0.949377, 0.055153, -0.0, -0.837604, 0.299395, -0.456928, 0.39386, -0.450309, 0.095114, 0.887792, -0.0, 0.0, 0.0, 0.0, 1.0],
                [-0.072434, 0.996857, 0.032068, -0.0, -0.626701, -0.020478, -0.778991, 0.39386, -0.775886, -0.076523, 0.626215, 0.0, 0.0, 0.0, 0.0, 1.0],
                [-0.167442, 0.98468, -0.048664, -0.0, -0.465624, -0.122494, -0.876464, 0.39386, -0.868998, -0.124098, 0.479001, 0.0, 0.0, 0.0, 0.0, 1.0],
                [-0.083556, 0.987286, -0.135217, -0.0, -0.4442, -0.158366, -0.88182, 0.39386, -0.892023, -0.013618, 0.451785, 0.0, 0.0, 0.0, 0.0, 1.0],
                [-0.185265, 0.982579, -0.014675, -0.0, -0.456817, -0.099335, -0.883997, 0.39386, -0.870055, -0.15707, 0.467262, 0.0, 0.0, 0.0, 0.0, 1.0],
                [-0.083556, 0.987286, -0.135217, -0.0, -0.4442, -0.158366, -0.88182, 0.39386, -0.892023, -0.013618, 0.451785, 0.0, 0.0, 0.0, 0.0, 1.0],
                [-0.185265, 0.982579, -0.014675, -0.0, -0.456817, -0.099335, -0.883997, 0.39386, -0.870055, -0.15707, 0.467262, 0.0, 0.0, 0.0, 0.0, 1.0],
                [-0.167442, 0.98468, -0.048664, -0.0, -0.465624, -0.122494, -0.876464, 0.39386, -0.868998, -0.124098, 0.479001, 0.0, 0.0, 0.0, 0.0, 1.0],
                [-0.05329, 0.998537, -0.00919, 0.0, -0.601812, -0.039459, -0.797662, 0.39386, -0.796857, -0.036977, 0.603034, -0.0, 0.0, 0.0, 0.0, 1.0],
                [0.30926, 0.949377, 0.055153, -0.0, -0.837604, 0.299395, -0.456928, 0.39386, -0.450309, 0.095114, 0.887792, -0.0, 0.0, 0.0, 0.0, 1.0]
            ]
        },
        {
            "name": "Hand_L",
            "time": [0.0, 6.1333, 12.5833, 12.8667, 13.45, 14.1833, 14.6833, 15.3],
            "transform": [
                [0.999993, -0.000758, -0.00372, 0.0, 0.000938, 0.998819, 0.04859, 0.3, 0.003679, -0.048593, 0.998812, -0.0, 0.0, 0.0, 0.0, 1.0],
                [0.999993, -0.000758, -0.00372, 0.0, 0.000938, 0.998819, 0.04859, 0.3, 0.003679, -0.048593, 0.998812, -0.0, 0.0, 0.0, 0.0, 1.0],
                [0.999993, -0.000758, -0.00372, 0.0, 0.000938, 0.998819, 0.04859, 0.3, 0.003679, -0.048593, 0.998812, -0.0, 0.0, 0.0, 0.0, 1.0],
                [0.999993, -0.001864, -0.003308, 0.0, 0.000938, 0.965493, -0.260428, 0.3, 0.003679, 0.260423, 0.965488, -0.0, 0.0, 0.0, 0.0, 1.0],
                [0.999993, -0.002212, -0.003085, 0.0, 0.000938, 0.931451, -0.363865, 0.3, 0.003679, 0.363859, 0.931447, -0.0, 0.0, 0.0, 0.0, 1.0],
                [0.999993, -0.002212, -0.003085, 0.0, 0.000938, 0.931451, -0.363865, 0.3, 0.003679, 0.363859, 0.931447, -0.0, 0.0, 0.0, 0.0, 1.0],
                [0.999993, -0.002046, -0.003198, -0.0, 0.000938, 0.9494, -0.314068, 0.3, 0.003679, 0.314062, 0.949395, -0.0, 0.0, 0.0, 0.0, 1.0],
                [0.999993, -0.000758, -0.00372, 0.0, 0.000938, 0.998819, 0.04859, 0.3, 0.003679, -0.048593, 0.998812, -0.0, 0.0, 0.0, 0.0, 1.0]
            ]
        },
        {
            "name": "Tool_L",
            "time": [0.0, 6.1333, 12.5833, 12.8667, 13.45, 14.1833, 14.6833, 15.3],
            "transform": [
                [0.997004, 0.01104, -0.076554, 0.0, -0.036659, -0.804079, -0.593391, 0.272858, -0.068067, 0.594062, -0.8008, -0.0, 0.0, 0.0, 0.0, 1.0],
                [0.997004, 0.01104, -0.076554, 0.0, -0.036659, -0.804079, -0.593391, 0.272858, -0.068067, 0.594062, -0.8008, -0.0, 0.0, 0.0, 0.0, 1.0],
                [0.997004, 0.01104, -0.076554, 0.0, -0.036659, -0.804079, -0.593391, 0.272858, -0.068067, 0.594062, -0.8008, -0.0, 0.0, 0.0, 0.0, 1.0],
                [0.997004, 0.01104, -0.076554, 0.0, -0.036659, -0.804079, -0.593391, 0.272858, -0.068067, 0.594062, -0.8008, -0.0, 0.0, 0.0, 0.0, 1.0],
                [0.997004, 0.01104, -0.076554, 0.0, -0.036659, -0.804079, -0.593391, 0.272858, -0.068067, 0.594062, -0.8008, -0.0, 0.0, 0.0, 0.0, 1.0],
                [0.997004, 0.01104, -0.076554, 0.0, -0.036659, -0.804079, -0.593391, 0.272858, -0.068067, 0.594062, -0.8008, -0.0, 0.0, 0.0, 0.0, 1.0],
                [0.997004, 0.01104, -0.076554, -0.0, -0.036659, -0.804079, -0.593391, 0.272858, -0.068067, 0.594062, -0.8008, -0.0, 0.0, 0.0, 0.0, 1.0],
                [0.997004, 0.01104, -0.076554, 0.0, -0.036659, -0.804079, -0.593391, 0.272858, -0.068067, 0.594062, -0.8008, -0.0, 0.0, 0.0, 0.0, 1.0]
            ]
        },
        {
            "name": "Elbow_L",
            "time": [0.0, 6.1333, 12.5833, 12.8667, 13.45, 14.1833, 14.6833, 15.3],
            "transform": [
                [-1.0, 0.0, -0.0, 2.7e-05, 0.0, -0.101913, -0.994793, 0.334301, -0.0, -0.994793, 0.101913, -0.002121, 0.0, 0.0, 0.0, 1.0],
                [-1.0, 0.0, -0.0, 2.7e-05, 0.0, -0.101913, -0.994793, 0.334301, -0.0, -0.994793, 0.101913, -0.002121, 0.0, 0.0, 0.0, 1.0],
                [-1.0, 0.0, -0.0, 2.7e-05, 0.0, -0.101913, -0.994793, 0.334301, -0.0, -0.994793, 0.101913, -0.002121, 0.0, 0.0, 0.0, 1.0],
                [-1.0, 0.0, -0.0, 2.7e-05, -0.0, -0.101913, -0.994793, 0.334301, -0.0, -0.994793, 0.101913, -0.002121, 0.0, 0.0, 0.0, 1.0],
                [-1.0, 0.0, 0.0, 2.7e-05, 0.0, -0.101913, -0.994793, 0.334301, -0.0, -0.994793, 0.101913, -0.002121, 0.0, 0.0, 0.0, 1.0],
                [-1.0, 0.0, 0.0, 2.7e-05, 0.0, -0.101913, -0.994793, 0.334301, -0.0, -0.994793, 0.101913, -0.002121, 0.0, 0.0, 0.0, 1.0],
                [-1.0, 0.0, -0.0, 2.7e-05, -0.0, -0.101913, -0.994793, 0.334301, -0.0, -0.994793, 0.101913, -0.002121, 0.0, 0.0, 0.0, 1.0],
                [-1.0, 0.0, -0.0, 2.7e-05, 0.0, -0.101913, -0.994793, 0.334301, -0.0, -0.994793, 0.101913, -0.002121, 0.0, 0.0, 0.0, 1.0]
            ]
        }
    ]
}