{
    "animation": [
        {
            "name": "Root",
            "time": [0.0, 4.4833, 8.65, 9.5167, 10.8667, 17.6833],
            "transform": [
                [0.998706, 0.028643, -0.042012, 0.006176, -0.042029, -0.0, -0.999116, -0.2236, -0.028618, 0.99959, 0.001204, 0.712159, 0.0, 0.0, 0.0, 1.0],
                [0.998706, 0.028643, -0.042012, 0.007331, -0.042029, -0.0, -0.999116, -0.227467, -0.028618, 0.99959, 0.001204, 0.681583, 0.0, 0.0, 0.0, 1.0],
                [0.998706, 0.028643, -0.042012, 0.006176, -0.042029, -0.0, -0.999116, -0.2236, -0.028618, 0.99959, 0.001204, 0.712159, 0.0, 0.0, 0.0, 1.0],
                [0.998706, 0.028643, -0.042012, 0.006176, -0.042029, -0.0, -0.999116, -0.2236, -0.028618, 0.99959, 0.001204, 0.712159, 0.0, 0.0, 0.0, 1.0],
                [0.998706, 0.028643, -0.042012, 0.006176, -0.042029, -0.0, -0.999116, -0.2236, -0.028618, 0.99959, 0.001204, 0.712159, 0.0, 0.0, 0.0, 1.0],
                [0.998706, 0.028643, -0.042012, 0.006176, -0.042029, -0.0, -0.999116, -0.2236, -0.028618, 0.99959, 0.001204, 0.712159, 0.0, 0.0, 0.0, 1.0]
            ]
        },
        {
            "name": "Thigh_R",
            "time": [0.0, 4.4833, 8.65, 9.5167, 10.8667, 17.6833],
            "transform": [
                [0.994517, 0.085298, -0.060491, 0.122901, 0.104268, -0.852881, 0.511587, 0.047367, -0.007954, -0.515089, -0.8571, -0.022341, 0.0, 0.0, 0.0, 1.0],
                [0.994517, 0.085298, -0.060491, 0.119957, 0.104268, -0.852881, 0.511587, 0.067137, -0.007954, -0.515089, -0.8571, -0.026399, 0.0, 0.0, 0.0, 1.0],
                [0.994517, 0.085298, -0.060491, 0.122901, 0.104268, -0.852881, 0.511587, 0.047367, -0.007954, -0.515089, -0.8571, -0.022341, 0.0, 0.0, 0.0, 1.0],
                [0.994517, 0.070239, -0.077469, 0.122901, 0.104268, -0.722423, 0.683545, 0.047367, -0.007954, -0.687874, -0.725787, -0.022341, 0.0, 0.0, 0.0, 1.0],
                [0.994517, 0.083637, -0.062769, 0.122901, 0.104268, -0.83878, 0.534394, 0.047367, -0.007954, -0.538008, -0.842902, -0.022341, 0.0, 0.0, 0.0, 1.0],
                [0.994517, 0.085298, -0.060491, 0.122901, 0.104268, -0.852881, 0.511587, 0.047367, -0.007954, -0.515089, -0.8571, -0.022341, 0.0, 0.0, 0.0, 1.0]
            ]
        },
        {
            "name": "Leg_R",
            "time": [0.0, 4.4833, 8.65, 9.5167, 10.8667, 17.6833],
            "transform": [
                [0.99995, -0.00326, -0.009421, 0.0, 0.008889, -0.136312, 0.990625, 0.37472, -0.004514, -0.990661, -0.136276, 0.0, 0.0, 0.0, 0.0, 1.0],
                [0.99995, -0.003079, -0.009482, 0.0, 0.008889, -0.155252, 0.987834, 0.37472, -0.004514, -0.987871, -0.155216, 0.0, 0.0, 0.0, 0.0, 1.0],
                [0.99995, -0.00326, -0.009421, 0.0, 0.008889, -0.136312, 0.990625, 0.37472, -0.004514, -0.990661, -0.136276, 0.0, 0.0, 0.0, 0.0, 1.0],
                [0.99995, -0.002648, -0.009611, 0.0, 0.008889, -0.199707, 0.979815, 0.37472, -0.004514, -0.979853, -0.199673, 0.0, 0.0, 0.0, 0.0, 1.0],
                [0.99995, -0.002684, -0.009601, -0.0, 0.008889, -0.196037, 0.980556, 0.37472, -0.004514, -0.980594, -0.196003, -0.0, 0.0, 0.0, 0.0, 1.0],
                [0.99995, -0.00326, -0.009421, 0.0, 0.008889, -0.136312, 0.990625, 0.37472, -0.004514, -0.990661, -0.136276, 0.0, 0.0, 0.0, 0.0, 1.0]
            ]
        },
        {
            "name": "Knee_R",
            "time": [0.0, 8.65, 9.5167, 10.8667, 17.6833],
            "transform": [
                [1.0, 0.0, -0.0, 0.0, -0.0, 0.41612, -0.90931, 0.37472, -0.0, 0.90931, 0.41612, 0.0, 0.0, 0.0, 0.0, 1.0],
                [1.0, 0.0, -0.0, 0.0, -0.0, 0.41612, -0.90931, 0.37472, -0.0, 0.90931, 0.41612, 0.0, 0.0, 0.0, 0.0, 1.0],
                [1.0, 0.0, -0.0, 0.0, -0.0, 0.41612, -0.90931, 0.37472, -0.0, 0.90931, 0.41612, 0.0, 0.0, 0.0, 0.0, 1.0],
                [1.0, 0.0, -0.0, -0.0, -0.0, 0.41612, -0.90931, 0.37472, -0.0, 0.90931, 0.41612, -0.0, 0.0, 0.0, 0.0, 1.0],
                [1.0, 0.0, -0.0, 0.0, -0.0, 0.41612, -0.90931, 0.37472, -0.0, 0.90931, 0.41612, 0.0, 0.0, 0.0, 0.0, 1.0]
            ]
        },
        {
            "name": "Thigh_L",
            "time": [0.0, 4.4833, 8.65, 9.5167, 10.8667, 17.6833],
            "transform": [
                [0.842193, -0.135227, -0.521943, -0.125006, 0.0931, -0.917026, 0.387809, -0.002831, -0.531077, -0.375202, -0.759723, -1.2e-05, 0.0, 0.0, 0.0, 1.0],
                [0.842193, -0.154252, -0.51664, -0.141663, 0.0931, -0.902207, 0.421134, 0.03421, -0.531077, -0.402775, -0.745472, 0.001644, 0.0, 0.0, 0.0, 1.0],
                [0.842193, -0.135227, -0.521943, -0.125006, 0.0931, -0.917026, 0.387809, -0.002831, -0.531077, -0.375202, -0.759723, -1.2e-05, 0.0, 0.0, 0.0, 1.0],
                [0.842193, -0.135227, -0.521943, -0.125006, 0.0931, -0.917026, 0.387809, -0.002831, -0.531077, -0.375202, -0.759723, -1.2e-05, 0.0, 0.0, 0.0, 1.0],
                [0.842193, -0.135227, -0.521943, -0.125006, 0.0931, -0.917026, 0.387809, -0.002831, -0.531077, -0.375202, -0.759723, -1.2e-05, 0.0, 0.0, 0.0, 1.0],
                [0.842193, -0.135227, -0.521943, -0.125006, 0.0931, -0.917026, 0.387809, -0.002831, -0.531077, -0.375202, -0.759723, -1.2e-05, 0.0, 0.0, 0.0, 1.0]
            ]
        },
        {
            "name": "Leg_L",
            "time": [0.0, 4.4833, 8.65, 9.5167, 10.8667, 17.6833],
            "transform": [
                [0.998577, 0.053235, -0.003397, -0.0, -0.051599, 0.980122, 0.191569, 0.37472, 0.013527, -0.191121, 0.981474, -0.0, 0.0, 0.0, 0.0, 1.0],
                [0.998576, 0.05308, 0.005288, -0.0, -0.051599, 0.936034, 0.348104, 0.37472, 0.013527, -0.347881, 0.937441, 0.0, 0.0, 0.0, 0.0, 1.0],
                [0.998577, 0.053235, -0.003397, -0.0, -0.051599, 0.980122, 0.191569, 0.37472, 0.013527, -0.191121, 0.981474, -0.0, 0.0, 0.0, 0.0, 1.0],
                [0.998577, 0.053235, -0.003397, -0.0, -0.051599, 0.980122, 0.191569, 0.37472, 0.013527, -0.191121, 0.981474, -0.0, 0.0, 0.0, 0.0, 1.0],
                [0.998577, 0.053235, -0.003397, -0.0, -0.051599, 0.980122, 0.191569, 0.37472, 0.013527, -0.191121, 0.981474, -0.0, 0.0, 0.0, 0.0, 1.0],
                [0.998577, 0.053235, -0.003397, -0.0, -0.051599, 0.980122, 0.191569, 0.37472, 0.013527, -0.191121, 0.981474, -0.0, 0.0, 0.0, 0.0, 1.0]
            ]
        },
        {
            "name": "Knee_L",
            "time": [0.0, 8.65, 9.5167, 10.8667, 17.6833],
            "transform": [
                [1.0, 0.0, -0.0, -0.0, -0.0, 1e-06, -1.0, 0.37472, -0.0, 1.0, 1e-06, -0.0, 0.0, 0.0, 0.0, 1.0],
                [1.0, 0.0, -0.0, -0.0, -0.0, 1e-06, -1.0, 0.37472, -0.0, 1.0, 1e-06, -0.0, 0.0, 0.0, 0.0, 1.0],
                [1.0, 0.0, -0.0, -0.0, -0.0, 1e-06, -1.0, 0.37472, -0.0, 1.0, 1e-06, -0.0, 0.0, 0.0, 0.0, 1.0],
                [1.0, 0.0, -0.0, -0.0, -0.0, 1e-06, -1.0, 0.37472, -0.0, 1.0, 1e-06, -0.0, 0.0, 0.0, 0.0, 1.0],
                [1.0, 0.0, -0.0, -0.0, -0.0, 1e-06, -1.0, 0.37472, -0.0, 1.0, 1e-06, -0.0, 0.0, 0.0, 0.0, 1.0]
            ]
        },
        {
            "name": "Torso",
            "time": [0.0, 4.4833, 8.65, 9.5167, 10.8667, 17.6833],
            "transform": [
                [0.999042, -0.043756, 0.000268, -0.0, 0.04367, 0.996639, -0.069307, 0.05, 0.002765, 0.069252, 0.997595, 0.0, 0.0, 0.0, 0.0, 1.0],
                [0.999042, -0.043754, -0.000522, -0.0, 0.04367, 0.997729, -0.051285, 0.05, 0.002765, 0.051213, 0.998684, 0.0, 0.0, 0.0, 0.0, 1.0],
                [0.999042, -0.043756, 0.000268, -0.0, 0.04367, 0.996639, -0.069307, 0.05, 0.002765, 0.069252, 0.997595, 0.0, 0.0, 0.0, 0.0, 1.0],
                [0.999042, -0.043756, 0.000268, -0.0, 0.04367, 0.996639, -0.069307, 0.05, 0.002765, 0.069252, 0.997595, 0.0, 0.0, 0.0, 0.0, 1.0],
                [0.999042, -0.043756, 0.000268, -0.0, 0.04367, 0.996639, -0.069307, 0.05, 0.002765, 0.069252, 0.997595, 0.0, 0.0, 0.0, 0.0, 1.0],
                [0.999042, -0.043756, 0.000268, -0.0, 0.04367, 0.996639, -0.069307, 0.05, 0.002765, 0.069252, 0.997595, 0.0, 0.0, 0.0, 0.0, 1.0]
            ]
        },
        {
            "name": "Chest",
            "time": [0.0, 4.4833, 8.65, 9.5167, 10.8667, 17.6833],
            "transform": [
                [0.999771, -0.021038, -0.003984, 0.0, 0.021411, 0.980477, 0.195463, 0.3, -0.000206, -0.195504, 0.980703, -0.0, 0.0, 0.0, 0.0, 1.0],
                [0.999771, -0.020855, -0.004852, -0.0, 0.021411, 0.971545, 0.235885, 0.3, -0.000206, -0.235934, 0.971769, 0.0, 0.0, 0.0, 0.0, 1.0],
                [0.999771, -0.021038, -0.003984, 0.0, 0.021411, 0.980477, 0.195463, 0.3, -0.000206, -0.195504, 0.980703, -0.0, 0.0, 0.0, 0.0, 1.0],
                [0.999771, -0.021038, -0.003984, 0.0, 0.021411, 0.980477, 0.195463, 0.3, -0.000206, -0.195504, 0.980703, -0.0, 0.0, 0.0, 0.0, 1.0],
                [0.999771, -0.021038, -0.003984, 0.0, 0.021411, 0.980477, 0.195463, 0.3, -0.000206, -0.195504, 0.980703, -0.0, 0.0, 0.0, 0.0, 1.0],
                [0.999771, -0.021038, -0.003984, 0.0, 0.021411, 0.980477, 0.195463, 0.3, -0.000206, -0.195504, 0.980703, -0.0, 0.0, 0.0, 0.0, 1.0]
            ]
        },
        {
            "name": "Head",
            "time": [0.0, 4.4833, 8.65, 9.5167, 10.8667, 17.6833],
            "transform": [
                [0.998487, 0.02845, 0.047056, -0.0, -0.035655, 0.986443, 0.160185, 0.4, -0.041861, -0.161621, 0.985965, -0.0, 0.0, 0.0, 0.0, 1.0],
                [0.998487, 0.025712, 0.048606, 0.0, -0.035655, 0.975667, 0.21634, 0.4, -0.041861, -0.217746, 0.975107, 0.0, 0.0, 0.0, 0.0, 1.0],
                [0.998487, 0.02845, 0.047056, -0.0, -0.035655, 0.986443, 0.160185, 0.4, -0.041861, -0.161621, 0.985965, -0.0, 0.0, 0.0, 0.0, 1.0],
                [0.954308, -0.046288, 0.295218, -0.0, -0.032256, 0.966202, 0.255762, 0.4, -0.297079, -0.253598, 0.920561, -0.0, 0.0, 0.0, 0.0, 1.0],
                [0.958697, -0.041322, 0.281412, -0.0, -0.031758, 0.967653, 0.250278, 0.4, -0.282651, -0.248878, 0.926374, -0.0, 0.0, 0.0, 0.0, 1.0],
                [0.998487, 0.02845, 0.047056, -0.0, -0.035655, 0.986443, 0.160185, 0.4, -0.041861, -0.161621, 0.985965, -0.0, 0.0, 0.0, 0.0, 1.0]
            ]
        },
        {
            "name": "Shoulder_R",
            "time": [0.0, 8.65, 9.5167, 10.8667, 17.6833],
            "transform": [
                [0.419389, 0.869848, 0.259762, -0.0, -0.002638, -0.284973, 0.958532, 0.4, 0.907803, -0.402683, -0.11722, -0.0, 0.0, 0.0, 0.0, 1.0],
                [0.419389, 0.869848, 0.259762, -0.0, -0.002638, -0.284973, 0.958532, 0.4, 0.907803, -0.402683, -0.11722, -0.0, 0.0, 0.0, 0.0, 1.0],
                [0.419389, 0.869848, 0.259762, -0.0, -0.002638, -0.284973, 0.958532, 0.4, 0.907803, -0.402683, -0.11722, -0.0, 0.0, 0.0, 0.0, 1.0],
                [0.419389, 0.869848, 0.259762, -0.0, -0.002638, -0.284973, 0.958532, 0.4, 0.907803, -0.402683, -0.11722, -0.0, 0.0, 0.0, 0.0, 1.0],
                [0.419389, 0.869848, 0.259762, -0.0, -0.002638, -0.284973, 0.958532, 0.4, 0.907803, -0.402683, -0.11722, -0.0, 0.0, 0.0, 0.0, 1.0]
            ]
        },
        {
            "name": "Arm_R",
            "time": [0.0, 4.4833, 8.65, 9.5167, 10.8667, 17.6833],
            "transform": [
                [-0.222336, -0.964999, 0.139082, 0.0, -0.185185, -0.098257, -0.977779, 0.393861, 0.957222, -0.243152, -0.156857, 0.0, 0.0, 0.0, 0.0, 1.0],
                [-0.23945, -0.961947, 0.131611, -0.0, -0.188129, -0.087016, -0.978282, 0.39386, 0.952508, -0.259009, -0.160134, 0.0, 0.0, 0.0, 0.0, 1.0],
                [-0.222336, -0.964999, 0.139082, 0.0, -0.185185, -0.098257, -0.977779, 0.393861, 0.957222, -0.243152, -0.156857, 0.0, 0.0, 0.0, 0.0, 1.0],
                [-0.356519, -0.923878, 0.139082, 0.0, -0.197215, -0.071092, -0.977779, 0.393861, 0.913236, -0.376026, -0.156857, 0.0, 0.0, 0.0, 0.0, 1.0],
                [-0.348883, -0.926788, 0.139082, 0.0, -0.196622, -0.072717, -0.977779, 0.393861, 0.916308, -0.368477, -0.156857, 0.0, 0.0, 0.0, 0.0, 1.0],
                [-0.222336, -0.964999, 0.139082, 0.0, -0.185185, -0.098257, -0.977779, 0.393861, 0.957222, -0.243152, -0.156857, 0.0, 0.0, 0.0, 0.0, 1.0]
            ]
        },
        {
            "name": "Hand_R",
            "time": [0.0, 8.65, 9.5167, 10.8667, 17.6833],
            "transform": [
                [0.999998, 0.00083, 0.001623, -0.0, 0.000868, 0.56642, -0.824116, 0.3, -0.001603, 0.824116, 0.566419, -0.0, 0.0, 0.0, 0.0, 1.0],
                [0.999998, 0.00083, 0.001623, -0.0, 0.000868, 0.56642, -0.824116, 0.3, -0.001603, 0.824116, 0.566419, -0.0, 0.0, 0.0, 0.0, 1.0],
                [0.999998, 0.00083, 0.001624, -0.0, 0.000868, 0.56642, -0.824116, 0.3, -0.001603, 0.824116, 0.566419, 0.0, 0.0, 0.0, 0.0, 1.0],
                [0.999998, 0.00083, 0.001623, 0.0, 0.000868, 0.56642, -0.824116, 0.3, -0.001603, 0.824116, 0.566419, -0.0, 0.0, 0.0, 0.0, 1.0],
                [0.999998, 0.00083, 0.001623, -0.0, 0.000868, 0.56642, -0.824116, 0.3, -0.001603, 0.824116, 0.566419, -0.0, 0.0, 0.0, 0.0, 1.0]
            ]
        },
        {
            "name": "Tool_R",
            "time": [0.0, 8.65, 9.5167, 10.8667, 17.6833],
            "transform": [
                [0.976106, 0.00347, -0.217265, 0.015053, 0.000527, 0.999832, 0.018338, 0.243316, 0.217163, -0.017993, 0.975363, 0.024459, 0.0, 0.0, 0.0, 1.0],
                [0.976106, 0.00347, -0.217265, 0.015053, 0.000527, 0.999832, 0.018338, 0.243316, 0.217163, -0.017993, 0.975363, 0.024459, 0.0, 0.0, 0.0, 1.0],
                [0.976107, 0.00347, -0.217265, 0.015054, 0.000527, 0.999832, 0.018338, 0.243316, 0.217163, -0.017993, 0.975363, 0.024459, 0.0, 0.0, 0.0, 1.0],
                [0.976107, 0.00347, -0.217265, 0.015054, 0.000527, 0.999832, 0.018338, 0.243316, 0.217163, -0.017993, 0.975363, 0.024459, 0.0, 0.0, 0.0, 1.0],
                [0.976106, 0.00347, -0.217265, 0.015053, 0.000527, 0.999832, 0.018338, 0.243316, 0.217163, -0.017993, 0.975363, 0.024459, 0.0, 0.0, 0.0, 1.0]
            ]
        },
        {
            "name": "Elbow_R",
            "time": [0.0, 8.65, 9.5167, 10.8667, 17.6833],
            "transform": [
                [-1.0, 0.0, -0.0, -0.0, 0.0, -0.0, -1.0, 0.341622, -0.0, -1.0, 0.0, 0.0, 0.0, 0.0, 0.0, 1.0],
                [-1.0, 0.0, -0.0, -0.0, 0.0, -0.0, -1.0, 0.341622, -0.0, -1.0, 0.0, 0.0, 0.0, 0.0, 0.0, 1.0],
                [-1.0, 0.0, -0.0, -0.0, 0.0, -0.0, -1.0, 0.341622, -0.0, -1.0, 0.0, 0.0, 0.0, 0.0, 0.0, 1.0],
                [-1.0, 0.0, -0.0, 0.0, 0.0, -0.0, -1.0, 0.341622, -0.0, -1.0, -0.0, -0.0, 0.0, 0.0, 0.0, 1.0],
                [-1.0, 0.0, -0.0, -0.0, 0.0, -0.0, -1.0, 0.341622, -0.0, -1.0, 0.0, 0.0, 0.0, 0.0, 0.0, 1.0]
            ]
        },
        {
            "name": "Shoulder_L",
            "time": [0.0, 8.65, 9.5167, 10.8667, 17.6833],
            "transform": [
                [-0.020516, -0.972437, -0.232262, -0.0, 0.027242, -0.232769, 0.972151, 0.4, -0.999418, 0.013618, 0.031267, -0.0, 0.0, 0.0, 0.0, 1.0],
                [-0.020516, -0.972437, -0.232262, -0.0, 0.027242, -0.232769, 0.972151, 0.4, -0.999418, 0.013618, 0.031267, -0.0, 0.0, 0.0, 0.0, 1.0],
                [-0.020516, -0.972437, -0.232262, -0.0, 0.027242, -0.232769, 0.972151, 0.4, -0.999418, 0.013618, 0.031267, -0.0, 0.0, 0.0, 0.0, 1.0],
                [-0.020516, -0.972437, -0.232262, -0.0, 0.027242, -0.232769, 0.972151, 0.4, -0.999418, 0.013618, 0.031267, -0.0, 0.0, 0.0, 0.0, 1.0],
                [-0.020516, -0.972437, -0.232262, -0.0, 0.027242, -0.232769, 0.972151, 0.4, -0.999418, 0.013618, 0.031267, -0.0, 0.0, 0.0, 0.0, 1.0]
            ]
        },
        {
            "name": "Arm_L",
            "time": [0.0, 4.4833, 8.65, 9.5167, 10.8667, 17.6833],
            "transform": [
                [-0.399024, 0.842383, -0.362175, -0.0, 0.511201, -0.123533, -0.850537, 0.39386, -0.761218, -0.524529, -0.381335, 0.0, 0.0, 0.0, 0.0, 1.0],
                [-0.430839, 0.828199, -0.358419, -0.0, 0.517646, -0.098527, -0.849903, 0.39386, -0.739203, -0.551705, -0.386264, -0.0, 0.0, 0.0, 0.0, 1.0],
                [-0.399024, 0.842383, -0.362175, -0.0, 0.511201, -0.123533, -0.850537, 0.39386, -0.761218, -0.524529, -0.381335, 0.0, 0.0, 0.0, 0.0, 1.0],
                [-0.452461, 0.815241, -0.36147, -0.0, 0.516465, -0.090895, -0.851471, 0.39386, -0.72701, -0.571944, -0.379917, 0.0, 0.0, 0.0, 0.0, 1.0],
                [-0.449399, 0.816914, -0.361514, -0.0, 0.516215, -0.092803, -0.851416, 0.39386, -0.729083, -0.569244, -0.379998, 0.0, 0.0, 0.0, 0.0, 1.0],
                [-0.399024, 0.842383, -0.362175, -0.0, 0.511201, -0.123533, -0.850537, 0.39386, -0.761218, -0.524529, -0.381335, 0.0, 0.0, 0.0, 0.0, 1.0]
            ]
        },
        {
            "name": "Hand_L",
            "time": [0.0, 8.65, 9.5167, 10.8667, 17.6833],
            "transform": [
                [0.999993, -0.003701, -0.000849, -0.0, 0.000938, 0.457375, -0.889274, 0.3, 0.003679, 0.889266, 0.457375, -0.0, 0.0, 0.0, 0.0, 1.0],
                [0.999993, -0.003701, -0.000849, -0.0, 0.000938, 0.457375, -0.889274, 0.3, 0.003679, 0.889266, 0.457375, -0.0, 0.0, 0.0, 0.0, 1.0],
                [0.999993, -0.003701, -0.000849, 0.0, 0.000938, 0.457375, -0.889274, 0.3, 0.003679, 0.889266, 0.457375, 0.0, 0.0, 0.0, 0.0, 1.0],
                [0.999993, -0.003701, -0.000848, -0.0, 0.000938, 0.457375, -0.889274, 0.3, 0.003679, 0.889266, 0.457375, 0.0, 0.0, 0.0, 0.0, 1.0],
                [0.999993, -0.003701, -0.000849, -0.0, 0.000938, 0.457375, -0.889274, 0.3, 0.003679, 0.889266, 0.457375, -0.0, 0.0, 0.0, 0.0, 1.0]
            ]
        },
        {
            "name": "Tool_L",
            "time": [0.0, 8.65, 9.5167, 10.8667, 17.6833],
            "transform": [
                [0.997003, 0.053953, 0.055452, -0.043635, -0.036812, 0.961205, -0.273369, 0.15022, -0.06801, 0.270359, 0.959742, 0.02167, 0.0, 0.0, 0.0, 1.0],
                [0.997003, 0.053953, 0.055452, -0.043635, -0.036812, 0.961205, -0.273369, 0.15022, -0.06801, 0.270359, 0.959742, 0.02167, 0.0, 0.0, 0.0, 1.0],
                [0.997003, 0.053953, 0.055452, -0.043636, -0.036811, 0.961205, -0.273369, 0.15022, -0.06801, 0.270359, 0.959742, 0.021671, 0.0, 0.0, 0.0, 1.0],
                [0.997003, 0.053953, 0.055452, -0.043635, -0.036811, 0.961205, -0.273369, 0.15022, -0.06801, 0.270359, 0.959742, 0.02167, 0.0, 0.0, 0.0, 1.0],
                [0.997003, 0.053953, 0.055452, -0.043635, -0.036812, 0.961205, -0.273369, 0.15022, -0.06801, 0.270359, 0.959742, 0.02167, 0.0, 0.0, 0.0, 1.0]
            ]
        },
        {
            "name": "Elbow_L",
            "time": [0.0, 8.65, 9.5167, 10.8667, 17.6833],
            "transform": [
                [-1.0, 0.0, -0.0, 2.7e-05, 0.0, -0.0, -1.0, 0.334301, -0.0, -1.0, -0.0, -0.002121, 0.0, 0.0, 0.0, 1.0],
                [-1.0, 0.0, -0.0, 2.7e-05, 0.0, -0.0, -1.0, 0.334301, -0.0, -1.0, -0.0, -0.002121, 0.0, 0.0, 0.0, 1.0],
                [-1.0, 0.0, -0.0, 2.7e-05, -0.0, -0.0, -1.0, 0.334302, -0.0, -1.0, -0.0, -0.002121, 0.0, 0.0, 0.0, 1.0],
                [-1.0, 0.0, -0.0, 2.7e-05, 0.0, -0.0, -1.0, 0.334302, -0.0, -1.0, -0.0, -0.002121, 0.0, 0.0, 0.0, 1.0],
                [-1.0, 0.0, -0.0, 2.7e-05, 0.0, -0.0, -1.0, 0.334301, -0.0, -1.0, -0.0, -0.002121, 0.0, 0.0, 0.0, 1.0]
            ]
        }
    ]
}