{
    "animation": [
        {
            "name": "Root",
            "time": [0.0, 8.6167, 17.6833],
            "transform": [
                [0.998706, 0.028643, -0.042012, -5e-06, -0.042029, -0.0, -0.999116, -0.223076, -0.028618, 0.99959, 0.001204, 0.753683, 0.0, 0.0, 0.0, 1.0],
                [0.998706, 0.028643, -0.042012, -5e-06, -0.042029, -0.0, -0.999116, -0.223076, -0.028618, 0.99959, 0.001204, 0.726872, 0.0, 0.0, 0.0, 1.0],
                [0.998706, 0.028643, -0.042012, -5e-06, -0.042029, -0.0, -0.999116, -0.223076, -0.028618, 0.99959, 0.001204, 0.753683, 0.0, 0.0, 0.0, 1.0]
            ]
        },
        {
            "name": "Thigh_R",
            "time": [0.0, 8.6167, 17.6833],
            "transform": [
                [0.994517, 0.085298, -0.060491, 0.122901, 0.104268, -0.852881, 0.511587, 0.047367, -0.007954, -0.515089, -0.8571, -0.022341, 0.0, 0.0, 0.0, 1.0],
                [0.994517, 0.079116, -0.068379, 0.122901, 0.104268, -0.799988, 0.590886, 0.047367, -0.007954, -0.594776, -0.803853, -0.022341, 0.0, 0.0, 0.0, 1.0],
                [0.994517, 0.085298, -0.060491, 0.122901, 0.104268, -0.852881, 0.511587, 0.047367, -0.007954, -0.515089, -0.8571, -0.022341, 0.0, 0.0, 0.0, 1.0]
            ]
        },
        {
            "name": "Leg_R",
            "time": [0.0, 8.6167, 17.6833],
            "transform": [
                [0.99995, -0.005076, -0.008581, 0.0, 0.008889, 0.064255, 0.997893, 0.37472, -0.004514, -0.997921, 0.064297, 0.0, 0.0, 0.0, 0.0, 1.0],
                [0.99995, -0.000888, -0.00993, 0.0, 0.008889, -0.371518, 0.928383, 0.37472, -0.004514, -0.928426, -0.371491, -0.0, 0.0, 0.0, 0.0, 1.0],
                [0.99995, -0.005076, -0.008581, 0.0, 0.008889, 0.064255, 0.997893, 0.37472, -0.004514, -0.997921, 0.064297, 0.0, 0.0, 0.0, 0.0, 1.0]
            ]
        },
        {
            "name": "Knee_R",
            "time": [0.0, 8.6167, 17.6833],
            "transform": [
                [1.0, 0.0, -0.0, 0.0, -0.0, 0.41612, -0.90931, 0.37472, -0.0, 0.90931, 0.41612, 0.0, 0.0, 0.0, 0.0, 1.0],
                [1.0, 0.0, -0.0, 0.0, -0.0, 0.41612, -0.90931, 0.37472, -0.0, 0.90931, 0.41612, -0.0, 0.0, 0.0, 0.0, 1.0],
                [1.0, 0.0, -0.0, 0.0, -0.0, 0.41612, -0.90931, 0.37472, -0.0, 0.90931, 0.41612, 0.0, 0.0, 0.0, 0.0, 1.0]
            ]
        },
        {
            "name": "Thigh_L",
            "time": [0.0, 8.6167, 17.6833],
            "transform": [
                [0.869243, -0.120567, -0.479458, -0.125006, -0.021407, -0.978077, 0.207141, -0.002831, -0.493921, -0.169792, -0.852767, -1.2e-05, 0.0, 0.0, 0.0, 1.0],
                [0.869243, -0.173439, -0.462963, -0.125006, -0.021407, -0.94877, 0.315242, -0.002831, -0.493921, -0.264111, -0.828424, -1.2e-05, 0.0, 0.0, 0.0, 1.0],
                [0.869243, -0.120567, -0.479458, -0.125006, -0.021407, -0.978077, 0.207141, -0.002831, -0.493921, -0.169792, -0.852767, -1.2e-05, 0.0, 0.0, 0.0, 1.0]
            ]
        },
        {
            "name": "Leg_L",
            "time": [0.0, 8.6167, 17.6833],
            "transform": [
                [0.998576, 0.053235, -0.003397, 0.0, -0.051599, 0.980122, 0.191569, 0.37472, 0.013527, -0.191121, 0.981474, -0.0, 0.0, 0.0, 0.0, 1.0],
                [0.998577, 0.051937, 0.012167, 0.0, -0.051599, 0.88263, 0.467228, 0.37472, 0.013527, -0.46719, 0.884054, -0.0, 0.0, 0.0, 0.0, 1.0],
                [0.998576, 0.053235, -0.003397, 0.0, -0.051599, 0.980122, 0.191569, 0.37472, 0.013527, -0.191121, 0.981474, -0.0, 0.0, 0.0, 0.0, 1.0]
            ]
        },
        {
            "name": "Knee_L",
            "time": [0.0, 8.6167, 17.6833],
            "transform": [
                [1.0, 0.0, -0.0, 0.0, -0.0, 1e-06, -1.0, 0.37472, -0.0, 1.0, 1e-06, -0.0, 0.0, 0.0, 0.0, 1.0],
                [1.0, -0.0, -0.0, 0.0, -0.0, 1e-06, -1.0, 0.37472, -0.0, 1.0, 1e-06, -0.0, 0.0, 0.0, 0.0, 1.0],
                [1.0, 0.0, -0.0, 0.0, -0.0, 1e-06, -1.0, 0.37472, -0.0, 1.0, 1e-06, -0.0, 0.0, 0.0, 0.0, 1.0]
            ]
        },
        {
            "name": "Torso",
            "time": [0.0, 8.6167, 17.6833],
            "transform": [
                [0.999042, -0.043756, 0.000268, -0.0, 0.04367, 0.996639, -0.069307, 0.05, 0.002765, 0.069252, 0.997595, 0.0, 0.0, 0.0, 0.0, 1.0],
                [0.999042, -0.043756, 0.000268, 0.0, 0.04367, 0.996639, -0.069307, 0.05, 0.002765, 0.069252, 0.997595, 0.0, 0.0, 0.0, 0.0, 1.0],
                [0.999042, -0.043756, 0.000268, -0.0, 0.04367, 0.996639, -0.069307, 0.05, 0.002765, 0.069252, 0.997595, 0.0, 0.0, 0.0, 0.0, 1.0]
            ]
        },
        {
            "name": "Chest",
            "time": [0.0, 8.6167, 17.6833],
            "transform": [
                [0.999771, -0.021316, -0.002029, 0.0, 0.021411, 0.994316, 0.104295, 0.3, -0.000206, -0.104315, 0.994545, 0.0, 0.0, 0.0, 0.0, 1.0],
                [0.999771, -0.020983, -0.004265, -0.0, 0.021411, 0.977776, 0.208554, 0.3, -0.000206, -0.208597, 0.978002, 0.0, 0.0, 0.0, 0.0, 1.0],
                [0.999771, -0.021316, -0.002029, 0.0, 0.021411, 0.994316, 0.104295, 0.3, -0.000206, -0.104315, 0.994545, 0.0, 0.0, 0.0, 0.0, 1.0]
            ]
        },
        {
            "name": "Head",
            "time": [0.0, 8.6167, 17.6833],
            "transform": [
                [0.998487, 0.032171, 0.044594, 0.0, -0.035655, 0.996183, 0.079679, 0.4, -0.041861, -0.081149, 0.995823, -0.0, 0.0, 0.0, 0.0, 1.0],
                [0.998487, 0.032171, 0.044594, -0.0, -0.035655, 0.996183, 0.079679, 0.4, -0.041861, -0.081149, 0.995823, 0.0, 0.0, 0.0, 0.0, 1.0],
                [0.998487, 0.032171, 0.044594, 0.0, -0.035655, 0.996183, 0.079679, 0.4, -0.041861, -0.081149, 0.995823, -0.0, 0.0, 0.0, 0.0, 1.0]
            ]
        },
        {
            "name": "Shoulder_R",
            "time": [0.0, 8.6167, 17.6833],
            "transform": [
                [0.110305, 0.959352, 0.259762, 0.0, 0.091141, -0.270019, 0.958532, 0.4, 0.98971, -0.082056, -0.11722, -0.0, 0.0, 0.0, 0.0, 1.0],
                [0.110305, 0.959352, 0.259762, -0.0, 0.091141, -0.270019, 0.958532, 0.4, 0.98971, -0.082056, -0.11722, 0.0, 0.0, 0.0, 0.0, 1.0],
                [0.110305, 0.959352, 0.259762, 0.0, 0.091141, -0.270019, 0.958532, 0.4, 0.98971, -0.082056, -0.11722, -0.0, 0.0, 0.0, 0.0, 1.0]
            ]
        },
        {
            "name": "Arm_R",
            "time": [0.0, 8.6167, 17.6833],
            "transform": [
                [0.027794, 0.110064, -0.993536, 0.0, 0.873101, 0.4813, 0.077743, 0.393861, 0.486746, -0.869618, -0.08272, -0.0, 0.0, 0.0, 0.0, 1.0],
                [0.027794, -0.137013, -0.990179, 0.0, 0.873102, 0.485665, -0.042695, 0.39386, 0.486746, -0.86334, 0.133124, 0.0, 0.0, 0.0, 0.0, 1.0],
                [0.027794, 0.110064, -0.993536, 0.0, 0.873101, 0.4813, 0.077743, 0.393861, 0.486746, -0.869618, -0.08272, -0.0, 0.0, 0.0, 0.0, 1.0]
            ]
        },
        {
            "name": "Hand_R",
            "time": [0.0, 8.6167, 17.6833],
            "transform": [
                [0.999998, -0.000926, 0.001571, -0.0, 0.000868, 0.999329, 0.036621, 0.3, -0.001603, -0.036619, 0.999328, -0.0, 0.0, 0.0, 0.0, 1.0],
                [0.999998, -0.000926, 0.001571, 0.0, 0.000868, 0.999329, 0.036621, 0.3, -0.001603, -0.036619, 0.999328, 0.0, 0.0, 0.0, 0.0, 1.0],
                [0.999998, -0.000926, 0.001571, -0.0, 0.000868, 0.999329, 0.036621, 0.3, -0.001603, -0.036619, 0.999328, -0.0, 0.0, 0.0, 0.0, 1.0]
            ]
        },
        {
            "name": "Tool_R",
            "time": [0.0, 8.6167, 17.6833],
            "transform": [
                [0.976086, -0.063799, 0.207812, 0.015054, -0.000916, -0.957162, -0.28955, 0.243316, 0.217254, 0.282258, -0.933781, 0.024459, 0.0, 0.0, 0.0, 1.0],
                [0.976086, -0.063799, 0.207812, 0.015054, -0.000916, -0.957162, -0.28955, 0.243316, 0.217254, 0.282258, -0.933781, 0.024459, 0.0, 0.0, 0.0, 1.0],
                [0.976086, -0.063799, 0.207812, 0.015054, -0.000916, -0.957162, -0.28955, 0.243316, 0.217254, 0.282258, -0.933781, 0.024459, 0.0, 0.0, 0.0, 1.0]
            ]
        },
        {
            "name": "Elbow_R",
            "time": [0.0, 8.6167, 17.6833],
            "transform": [
                [-1.0, 0.0, -0.0, -0.0, 0.0, -0.0, -1.0, 0.341622, -0.0, -1.0, 0.0, -0.0, 0.0, 0.0, 0.0, 1.0],
                [-1.0, 0.0, -0.0, 0.0, 0.0, -0.0, -1.0, 0.341622, -0.0, -1.0, 0.0, 0.0, 0.0, 0.0, 0.0, 1.0],
                [-1.0, 0.0, -0.0, -0.0, 0.0, -0.0, -1.0, 0.341622, -0.0, -1.0, 0.0, -0.0, 0.0, 0.0, 0.0, 1.0]
            ]
        },
        {
            "name": "Shoulder_L",
            "time": [0.0, 8.6167, 17.6833],
            "transform": [
                [-0.020516, -0.972437, -0.232262, 0.0, 0.027242, -0.232769, 0.972151, 0.4, -0.999418, 0.013618, 0.031267, -0.0, 0.0, 0.0, 0.0, 1.0],
                [-0.223566, -0.946611, -0.232262, -0.0, -0.022073, -0.233315, 0.972151, 0.4, -0.974439, 0.222466, 0.031267, 0.0, 0.0, 0.0, 0.0, 1.0],
                [-0.020516, -0.972437, -0.232262, 0.0, 0.027242, -0.232769, 0.972151, 0.4, -0.999418, 0.013618, 0.031267, -0.0, 0.0, 0.0, 0.0, 1.0]
            ]
        },
        {
            "name": "Arm_L",
            "time": [0.0, 8.6167, 17.6833],
            "transform": [
                [-0.101404, -0.154745, 0.982737, -0.0, -0.905448, 0.423615, -0.026725, 0.39386, -0.412167, -0.892526, -0.18307, -0.0, 0.0, 0.0, 0.0, 1.0],
                [-0.462379, 0.235773, 0.854761, -0.0, -0.691178, 0.507999, -0.514013, 0.39386, -0.555409, -0.828461, -0.071927, -0.0, 0.0, 0.0, 0.0, 1.0],
                [-0.101404, -0.154745, 0.982737, -0.0, -0.905448, 0.423615, -0.026725, 0.39386, -0.412167, -0.892526, -0.18307, -0.0, 0.0, 0.0, 0.0, 1.0]
            ]
        },
        {
            "name": "Hand_L",
            "time": [0.0, 8.6167, 17.6833],
            "transform": [
                [0.999993, -0.001945, -0.003261, -0.0, 0.000938, 0.958752, -0.284244, 0.3, 0.003679, 0.284239, 0.958747, -0.0, 0.0, 0.0, 0.0, 1.0],
                [0.999993, -0.000878, -0.003694, 0.0, 0.000938, 0.999867, 0.016288, 0.3, 0.003679, -0.016291, 0.999861, -0.0, 0.0, 0.0, 0.0, 1.0],
                [0.999993, -0.001945, -0.003261, -0.0, 0.000938, 0.958752, -0.284244, 0.3, 0.003679, 0.284239, 0.958747, -0.0, 0.0, 0.0, 0.0, 1.0]
            ]
        },
        {
            "name": "Tool_L",
            "time": [0.0, 8.6167, 17.6833],
            "transform": [
                [0.997004, 0.01104, -0.076554, 0.0, -0.036659, -0.804079, -0.593391, 0.272858, -0.068067, 0.594062, -0.8008, -0.0, 0.0, 0.0, 0.0, 1.0],
                [0.997004, 0.01104, -0.076554, 0.0, -0.036659, -0.804079, -0.593391, 0.272858, -0.068067, 0.594062, -0.8008, -0.0, 0.0, 0.0, 0.0, 1.0],
                [0.997004, 0.01104, -0.076554, 0.0, -0.036659, -0.804079, -0.593391, 0.272858, -0.068067, 0.594062, -0.8008, -0.0, 0.0, 0.0, 0.0, 1.0]
            ]
        },
        {
            "name": "Elbow_L",
            "time": [0.0, 8.6167, 17.6833],
            "transform": [
                [-1.0, 0.0, -0.0, 2.7e-05, 0.0, -0.0, -1.0, 0.334301, -0.0, -1.0, -0.0, -0.002121, 0.0, 0.0, 0.0, 1.0],
                [-1.0, 0.0, -0.0, 2.7e-05, 0.0, -0.0, -1.0, 0.334302, -0.0, -1.0, -0.0, -0.002121, 0.0, 0.0, 0.0, 1.0],
                [-1.0, 0.0, -0.0, 2.7e-05, 0.0, -0.0, -1.0, 0.334301, -0.0, -1.0, -0.0, -0.002121, 0.0, 0.0, 0.0, 1.0]
            ]
        }
    ]
}