{
    "animation": [
        {
            "name": "Root",
            "time": [0.0, 0.5],
            "transform": [
                [0.854339, 0.028643, -0.518927, -5e-06, -0.51914, 0.0, -0.854689, 0.000946, -0.024481, 0.99959, 0.01487, 0.753683, 0.0, 0.0, 0.0, 1.0],
                [0.998706, 0.028643, -0.042012, 0.006176, -0.042029, -0.0, -0.999116, -0.2236, -0.028618, 0.99959, 0.001204, 0.712159, 0.0, 0.0, 0.0, 1.0]
            ]
        },
        {
            "name": "Thigh_R",
            "time": [0.0, 0.25, 0.5],
            "transform": [
                [0.992811, 0.117851, -0.020883, 0.124994, 0.118536, -0.99232, 0.035348, -0.002831, -0.016557, -0.037569, -0.999157, -1.2e-05, 0.0, 0.0, 0.0, 1.0],
                [0.993466, 0.077977, -0.083333, 0.124169, 0.11346, -0.753613, 0.647452, 0.016944, -0.012315, -0.652676, -0.757538, -0.008808, 0.0, 0.0, 0.0, 1.0],
                [0.994517, 0.085298, -0.060491, 0.122901, 0.104268, -0.852881, 0.511587, 0.047367, -0.007954, -0.515089, -0.8571, -0.022341, 0.0, 0.0, 0.0, 1.0]
            ]
        },
        {
            "name": "Leg_R",
            "time": [0.0, 0.25, 0.5],
            "transform": [
                [1.0, -0.0, 1e-06, 0.0, 0.0, 0.997612, 0.069073, 0.37472, -1e-06, -0.069073, 0.997611, -0.0, 0.0, 0.0, 0.0, 1.0],
                [0.999991, -0.002199, -0.003557, -0.0, 0.00418, 0.499159, 0.8665, 0.37472, -0.00013, -0.866508, 0.499163, 0.0, 0.0, 0.0, 0.0, 1.0],
                [0.99995, -0.00326, -0.009421, 0.0, 0.008889, -0.136312, 0.990625, 0.37472, -0.004514, -0.990661, -0.136276, 0.0, 0.0, 0.0, 0.0, 1.0]
            ]
        },
        {
            "name": "Knee_R",
            "time": [0.0, 0.5],
            "transform": [
                [1.0, 0.0, -0.0, 0.0, -0.0, 1e-06, -1.0, 0.37472, -0.0, 1.0, 1e-06, -0.0, 0.0, 0.0, 0.0, 1.0],
                [1.0, 0.0, -0.0, 0.0, -0.0, 0.41612, -0.90931, 0.37472, -0.0, 0.90931, 0.41612, 0.0, 0.0, 0.0, 0.0, 1.0]
            ]
        },
        {
            "name": "Thigh_L",
            "time": [0.0, 0.5],
            "transform": [
                [0.869242, -0.120567, -0.479458, -0.125006, -0.021407, -0.978077, 0.207141, -0.002831, -0.493921, -0.169792, -0.852767, -1.2e-05, 0.0, 0.0, 0.0, 1.0],
                [0.842193, -0.135227, -0.521943, -0.125006, 0.0931, -0.917026, 0.387809, -0.002831, -0.531077, -0.375202, -0.759723, -1.2e-05, 0.0, 0.0, 0.0, 1.0]
            ]
        },
        {
            "name": "Leg_L",
            "time": [0.0, 0.5],
            "transform": [
                [0.998576, 0.053235, -0.003397, 0.0, -0.051599, 0.980122, 0.191569, 0.37472, 0.013527, -0.191121, 0.981474, 0.0, 0.0, 0.0, 0.0, 1.0],
                [0.998577, 0.053235, -0.003397, -0.0, -0.051599, 0.980122, 0.191569, 0.37472, 0.013527, -0.191121, 0.981474, -0.0, 0.0, 0.0, 0.0, 1.0]
            ]
        },
        {
            "name": "Knee_L",
            "time": [0.0, 0.5],
            "transform": [
                [1.0, 0.0, -0.0, 0.0, -0.0, 1e-06, -1.0, 0.37472, -0.0, 1.0, 1e-06, 0.0, 0.0, 0.0, 0.0, 1.0],
                [1.0, 0.0, -0.0, -0.0, -0.0, 1e-06, -1.0, 0.37472, -0.0, 1.0, 1e-06, -0.0, 0.0, 0.0, 0.0, 1.0]
            ]
        },
        {
            "name": "Torso",
            "time": [0.0, 0.25, 0.5],
            "transform": [
                [0.999042, -0.043673, -0.002705, 0.0, 0.04367, 0.999045, -0.001423, 0.05, 0.002765, 0.001304, 0.999995, -0.0, 0.0, 0.0, 0.0, 1.0],
                [0.999042, -0.043249, 0.006649, 0.0, 0.04367, 0.975866, -0.213961, 0.05, 0.002765, 0.214046, 0.97682, -0.0, 0.0, 0.0, 0.0, 1.0],
                [0.999042, -0.043756, 0.000268, -0.0, 0.04367, 0.996639, -0.069307, 0.05, 0.002765, 0.069252, 0.997595, 0.0, 0.0, 0.0, 0.0, 1.0]
            ]
        },
        {
            "name": "Chest",
            "time": [0.0, 0.25, 0.5],
            "transform": [
                [0.999771, -0.021316, -0.002029, 0.0, 0.021411, 0.994316, 0.104295, 0.3, -0.000206, -0.104315, 0.994544, 0.0, 0.0, 0.0, 0.0, 1.0],
                [0.992924, -0.014109, -0.117911, 0.0, 0.033246, 0.986238, 0.161952, 0.3, 0.114004, -0.164726, 0.979729, 0.0, 0.0, 0.0, 0.0, 1.0],
                [0.999771, -0.021038, -0.003984, 0.0, 0.021411, 0.980477, 0.195463, 0.3, -0.000206, -0.195504, 0.980703, -0.0, 0.0, 0.0, 0.0, 1.0]
            ]
        },
        {
            "name": "Head",
            "time": [0.0, 0.25, 0.5],
            "transform": [
                [0.85311, 0.037721, 0.520365, -0.0, -0.006297, 0.998055, -0.062025, 0.4, -0.521692, 0.049637, 0.851689, -0.0, 0.0, 0.0, 0.0, 1.0],
                [0.955847, -0.041318, 0.290946, -0.0, -0.035191, 0.966847, 0.252919, 0.4, -0.29175, -0.25199, 0.922704, -0.0, 0.0, 0.0, 0.0, 1.0],
                [0.998487, 0.02845, 0.047056, -0.0, -0.035655, 0.986443, 0.160185, 0.4, -0.041861, -0.161621, 0.985965, -0.0, 0.0, 0.0, 0.0, 1.0]
            ]
        },
        {
            "name": "Shoulder_R",
            "time": [0.0, 0.25, 0.5],
            "transform": [
                [0.110305, 0.959352, 0.259762, -0.0, 0.091141, -0.270019, 0.958532, 0.4, 0.98971, -0.082056, -0.11722, -0.0, 0.0, 0.0, 0.0, 1.0],
                [0.385567, 0.88536, 0.259762, -0.0, 0.008343, -0.284863, 0.958532, 0.4, 0.922642, -0.367411, -0.11722, -0.0, 0.0, 0.0, 0.0, 1.0],
                [0.419389, 0.869848, 0.259762, -0.0, -0.002638, -0.284973, 0.958532, 0.4, 0.907803, -0.402683, -0.11722, -0.0, 0.0, 0.0, 0.0, 1.0]
            ]
        },
        {
            "name": "Arm_R",
            "time": [0.0, 0.25, 0.5],
            "transform": [
                [0.016005, 0.076948, -0.996907, -0.0, 0.894149, 0.445112, 0.048712, 0.393861, 0.447483, -0.892163, -0.061679, 0.0, 0.0, 0.0, 0.0, 1.0],
                [0.107033, -0.976396, -0.187604, 0.0, 0.188937, 0.205224, -0.960305, 0.393861, 0.976139, 0.067339, 0.206443, -0.0, 0.0, 0.0, 0.0, 1.0],
                [-0.222336, -0.964999, 0.139082, 0.0, -0.185185, -0.098257, -0.977779, 0.393861, 0.957222, -0.243152, -0.156857, 0.0, 0.0, 0.0, 0.0, 1.0]
            ]
        },
        {
            "name": "Hand_R",
            "time": [0.0, 0.5],
            "transform": [
                [0.999998, -0.000654, 0.001702, -0.0, 0.000868, 0.99162, -0.129185, 0.3, -0.001603, 0.129186, 0.991619, -0.0, 0.0, 0.0, 0.0, 1.0],
                [0.999998, 0.00083, 0.001623, -0.0, 0.000868, 0.56642, -0.824116, 0.3, -0.001603, 0.824116, 0.566419, -0.0, 0.0, 0.0, 0.0, 1.0]
            ]
        },
        {
            "name": "Tool_R",
            "time": [0.0, 0.5],
            "transform": [
                [0.976086, -0.063799, 0.207812, 0.015054, -0.000916, -0.957162, -0.28955, 0.243316, 0.217254, 0.282258, -0.933781, 0.024459, 0.0, 0.0, 0.0, 1.0],
                [0.976106, 0.00347, -0.217265, 0.015053, 0.000527, 0.999832, 0.018338, 0.243316, 0.217163, -0.017993, 0.975363, 0.024459, 0.0, 0.0, 0.0, 1.0]
            ]
        },
        {
            "name": "Elbow_R",
            "time": [0.0, 0.5],
            "transform": [
                [-1.0, 0.0, 0.0, -0.0, 0.0, -0.0, -1.0, 0.341622, -0.0, -1.0, 0.0, -0.0, 0.0, 0.0, 0.0, 1.0],
                [-1.0, 0.0, -0.0, -0.0, 0.0, -0.0, -1.0, 0.341622, -0.0, -1.0, 0.0, 0.0, 0.0, 0.0, 0.0, 1.0]
            ]
        },
        {
            "name": "Shoulder_L",
            "time": [0.0, 0.5],
            "transform": [
                [-0.223566, -0.946611, -0.232262, -0.0, -0.022073, -0.233315, 0.972151, 0.4, -0.974439, 0.222466, 0.031267, -0.0, 0.0, 0.0, 0.0, 1.0],
                [-0.020516, -0.972437, -0.232262, -0.0, 0.027242, -0.232769, 0.972151, 0.4, -0.999418, 0.013618, 0.031267, -0.0, 0.0, 0.0, 0.0, 1.0]
            ]
        },
        {
            "name": "Arm_L",
            "time": [0.0, 0.5],
            "transform": [
                [-0.500407, 0.200124, 0.842344, -0.0, -0.753024, 0.37952, -0.537512, 0.39386, -0.427255, -0.90328, -0.039216, 0.0, 0.0, 0.0, 0.0, 1.0],
                [-0.399024, 0.842383, -0.362175, -0.0, 0.511201, -0.123533, -0.850537, 0.39386, -0.761218, -0.524529, -0.381335, 0.0, 0.0, 0.0, 0.0, 1.0]
            ]
        },
        {
            "name": "Hand_L",
            "time": [0.0, 0.5],
            "transform": [
                [0.999993, -0.000878, -0.003694, -0.0, 0.000938, 0.999867, 0.016288, 0.3, 0.003679, -0.016291, 0.999861, -0.0, 0.0, 0.0, 0.0, 1.0],
                [0.999993, -0.003701, -0.000849, -0.0, 0.000938, 0.457375, -0.889274, 0.3, 0.003679, 0.889266, 0.457375, -0.0, 0.0, 0.0, 0.0, 1.0]
            ]
        },
        {
            "name": "Tool_L",
            "time": [0.0, 0.5],
            "transform": [
                [0.997004, 0.01104, -0.076554, 0.0, -0.036659, -0.804079, -0.593391, 0.272858, -0.068067, 0.594062, -0.8008, -0.0, 0.0, 0.0, 0.0, 1.0],
                [0.997003, 0.053953, 0.055452, -0.043635, -0.036812, 0.961205, -0.273369, 0.15022, -0.06801, 0.270359, 0.959742, 0.02167, 0.0, 0.0, 0.0, 1.0]
            ]
        },
        {
            "name": "Elbow_L",
            "time": [0.0, 0.5],
            "transform": [
                [-1.0, 0.0, -0.0, 2.7e-05, 0.0, -0.0, -1.0, 0.334302, -0.0, -1.0, -0.0, -0.002121, 0.0, 0.0, 0.0, 1.0],
                [-1.0, 0.0, -0.0, 2.7e-05, 0.0, -0.0, -1.0, 0.334301, -0.0, -1.0, -0.0, -0.002121, 0.0, 0.0, 0.0, 1.0]
            ]
        }
    ]
}